0.95905	0.41172	1.4357	0.67799	-0.020067	0.084795	-0.012415	-0.035242	-0.060988	-0.045295	0.023426	0.070467	-0.0057364	-0.97326	-0.18399	0.13754	-0.86033	-0.22044	-0.45961	0.79166	0.20574	0.57528	1	3
1.224	1.2358	0.23044	1.2747	0.023426	0.070467	-0.0057364	-0.020067	0.084795	-0.012415	-0.035242	-0.060988	-0.045295	0.79166	0.20574	0.57528	-0.97326	-0.18399	0.13754	-0.86033	-0.22044	-0.45961	1	6
1.4834	1.7052	0.49293	0.38554	-0.027622	0.054741	-0.0082748	-0.0039878	0.088257	0.0014874	0.023091	0.070469	-0.0087628	-0.66034	0.60623	0.44321	-0.34728	-0.35036	0.86985	0.84609	0.22173	0.48474	2	2
1.6461	1.9391	0.49789	0.5665	0.023091	0.070469	-0.0087628	-0.027622	0.054741	-0.0082748	-0.0039878	0.088257	0.0014874	0.84609	0.22173	0.48474	-0.66034	0.60623	0.44321	-0.34728	-0.35036	0.86985	2	3
1.4159	1.9239	0.52526	0.39817	0.023091	0.070469	-0.0087628	-0.0039878	0.088257	0.0014874	-0.027622	0.054741	-0.0082748	0.84609	0.22173	0.48474	-0.34728	-0.35036	0.86985	-0.66034	0.60623	0.44321	2	4
1.7199	1.507	0.47471	0.37823	-0.0039878	0.088257	0.0014874	-0.027622	0.054741	-0.0082748	0.023091	0.070469	-0.0087628	-0.34728	-0.35036	0.86985	-0.66034	0.60623	0.44321	0.84609	0.22173	0.48474	2	5
1.8646	1.3702	0.5766	0.39152	-0.0039878	0.088257	0.0014874	0.023091	0.070469	-0.0087628	-0.027622	0.054741	-0.0082748	-0.34728	-0.35036	0.86985	0.84609	0.22173	0.48474	-0.66034	0.60623	0.44321	2	6
0.43811	2.4211	0.17377	2.1934	0.033145	-0.054266	0.016633	-0.043585	-0.036655	-0.022378	0.01044	0.090921	0.0057442	0.65348	-0.18767	0.73331	-0.98373	0.11641	-0.13683	0.5705	-0.21389	0.79295	3	3
0.62607	0.31802	1.5661	0.5319	0.033145	-0.054266	0.016633	0.01044	0.090921	0.0057442	-0.043585	-0.036655	-0.022378	0.65348	-0.18767	0.73331	0.5705	-0.21389	0.79295	-0.98373	0.11641	-0.13683	3	4
0.90987	1.2791	1.2819	0.71219	0.03662	-0.054526	0.012946	-0.022011	0.05875	-0.0026683	-0.042743	0.0012314	-0.025593	0.77125	-0.17898	0.61085	-0.64911	0.53645	0.53933	-0.86582	0.1679	-0.47135	4	2
1.3485	1.1281	0.7522	0.34179	-0.042743	0.0012314	-0.025593	-0.022011	0.05875	-0.0026683	0.03662	-0.054526	0.012946	-0.86582	0.1679	-0.47135	-0.64911	0.53645	0.53933	0.77125	-0.17898	0.61085	4	4
1.1811	0.64849	1.4965	1.0508	-0.022011	0.05875	-0.0026683	0.03662	-0.054526	0.012946	-0.042743	0.0012314	-0.025593	-0.64911	0.53645	0.53933	0.77125	-0.17898	0.61085	-0.86582	0.1679	-0.47135	4	5
1.4358	1.1444	1.376	1.7707	0.036316	-0.054346	0.012578	-0.023792	0.063655	-0.013525	-0.027662	-0.011226	0.017402	0.77171	-0.17036	0.61273	-0.71692	0.69715	-0.0034797	-0.64005	-0.038259	0.76738	5	2
1.466	1.1373	0.6416	0.09746	-0.027662	-0.011226	0.017402	-0.023792	0.063655	-0.013525	0.036316	-0.054346	0.012578	-0.64005	-0.038259	0.76738	-0.71692	0.69715	-0.0034797	0.77171	-0.17036	0.61273	5	4
1.0017	1.5913	1.306	1.9754	-0.023792	0.063655	-0.013525	0.036316	-0.054346	0.012578	-0.027662	-0.011226	0.017402	-0.71692	0.69715	-0.0034797	0.77171	-0.17036	0.61273	-0.64005	-0.038259	0.76738	5	5
1.1497	1.2824	0.62546	0.79089	-0.023792	0.063655	-0.013525	-0.027662	-0.011226	0.017402	0.036316	-0.054346	0.012578	-0.71692	0.69715	-0.0034797	-0.64005	-0.038259	0.76738	0.77171	-0.17036	0.61273	5	6
1.4659	1.1372	0.64172	0.09762	-0.027659	-0.01123	0.017405	-0.02379	0.063657	-0.013522	0.036314	-0.054342	0.012576	-0.63999	-0.038298	0.76743	-0.71695	0.69712	-0.0032933	0.77172	-0.17023	0.61276	6	2
1.24	1.4216	0.63499	0.51683	0.036314	-0.054342	0.012576	-0.027659	-0.01123	0.017405	-0.02379	0.063657	-0.013522	0.77172	-0.17023	0.61276	-0.63999	-0.038298	0.76743	-0.71695	0.69712	-0.0032933	6	3
1.4359	1.1442	1.3759	1.7709	0.036314	-0.054342	0.012576	-0.02379	0.063657	-0.013522	-0.027659	-0.01123	0.017405	0.77172	-0.17023	0.61276	-0.71695	0.69712	-0.0032933	-0.63999	-0.038298	0.76743	6	4
1.15	1.2823	0.62517	0.79158	-0.02379	0.063657	-0.013522	-0.027659	-0.01123	0.017405	0.036314	-0.054342	0.012576	-0.71695	0.69712	-0.0032933	-0.63999	-0.038298	0.76743	0.77172	-0.17023	0.61276	6	5
1.001	1.5915	1.3057	1.9751	-0.02379	0.063657	-0.013522	0.036314	-0.054342	0.012576	-0.027659	-0.01123	0.017405	-0.71695	0.69712	-0.0032933	0.77172	-0.17023	0.61276	-0.63999	-0.038298	0.76743	6	6
1.3299	1.0712	1.2173	1.4662	0.021069	-0.0377	0.026834	-0.018098	0.014078	-0.054491	-0.029016	-0.0095572	0.016294	0.45393	0.08533	0.88694	-0.51751	0.2929	-0.80398	-0.66889	-0.020114	0.74309	7	2
1.4582	0.90079	0.46749	0.29311	-0.029016	-0.0095572	0.016294	0.021069	-0.0377	0.026834	-0.018098	0.014078	-0.054491	-0.66889	-0.020114	0.74309	0.45393	0.08533	0.88694	-0.51751	0.2929	-0.80398	7	3
1.8255	0.77418	0.54768	0.4645	-0.029016	-0.0095572	0.016294	-0.018098	0.014078	-0.054491	0.021069	-0.0377	0.026834	-0.66889	-0.020114	0.74309	-0.51751	0.2929	-0.80398	0.45393	0.08533	0.88694	7	4
1.3693	1.4381	1.4425	1.5792	-0.018098	0.014078	-0.054491	0.021069	-0.0377	0.026834	-0.029016	-0.0095572	0.016294	-0.51751	0.2929	-0.80398	0.45393	0.08533	0.88694	-0.66889	-0.020114	0.74309	7	5
0.97261	1.8327	0.6171	0.48691	-0.018098	0.014078	-0.054491	-0.029016	-0.0095572	0.016294	0.021069	-0.0377	0.026834	-0.51751	0.2929	-0.80398	-0.66889	-0.020114	0.74309	0.45393	0.08533	0.88694	7	6
0.7615	1.9774	0.091411	2.384	0.021431	0.070273	-0.0069337	-0.029214	0.055018	-0.0081797	0.03122	-0.058531	0.017014	0.81665	0.20472	0.5396	-0.64527	0.6256	0.43846	0.62291	-0.27363	0.73288	9	1
1.4821	0.78978	0.9198	1.2619	0.021431	0.070273	-0.0069337	0.03122	-0.058531	0.017014	-0.029214	0.055018	-0.0081797	0.81665	0.20472	0.5396	0.62291	-0.27363	0.73288	-0.64527	0.6256	0.43846	9	2
1.0153	1.2328	0.85404	1.5609	0.03122	-0.058531	0.017014	0.021431	0.070273	-0.0069337	-0.029214	0.055018	-0.0081797	0.62291	-0.27363	0.73288	0.81665	0.20472	0.5396	-0.64527	0.6256	0.43846	9	5
0.66356	2.6141	2.532	0.62466	0.03122	-0.058531	0.017014	-0.029214	0.055018	-0.0081797	0.021431	0.070273	-0.0069337	0.62291	-0.27363	0.73288	-0.64527	0.6256	0.43846	0.81665	0.20472	0.5396	9	6
1.1456	1.1921	1.0914	0.28036	-0.031355	0.037752	-0.040079	-0.0021296	-0.014642	0.027675	0.022411	-0.039288	0.023435	-0.66702	0.48297	-0.56729	-0.0028866	0.022485	0.99974	0.50558	0.044194	0.86164	10	2
1.0247	1.3365	0.98252	0.15068	0.022411	-0.039288	0.023435	-0.0021296	-0.014642	0.027675	-0.031355	0.037752	-0.040079	0.50558	0.044194	0.86164	-0.0028866	0.022485	0.99974	-0.66702	0.48297	-0.56729	10	4
1.3641	0.87517	1.2233	1.522	0.030995	-0.047537	0.017277	-0.032253	0.038688	-0.038861	-0.0038943	-0.013898	0.027622	0.68112	-0.080656	0.72771	-0.72794	0.46683	-0.50216	-0.047312	0.0064126	0.99886	12	1
1.177	1.2139	0.95852	0.29202	-0.032253	0.038688	-0.038861	-0.0038943	-0.013898	0.027622	0.030995	-0.047537	0.017277	-0.72794	0.46683	-0.50216	-0.047312	0.0064126	0.99886	0.68112	-0.080656	0.72771	12	4
1.1844	0.80917	0.61406	0.14638	-0.0038943	-0.013898	0.027622	0.030995	-0.047537	0.017277	-0.032253	0.038688	-0.038861	-0.047312	0.0064126	0.99886	0.68112	-0.080656	0.72771	-0.72794	0.46683	-0.50216	12	5
0.63784	0.35745	1.5732	0.53171	0.031504	-0.054411	0.018098	0.011779	0.088321	0.0042741	-0.043283	-0.03391	-0.022372	0.62196	-0.19813	0.75757	0.59571	-0.15406	0.78828	-0.97715	0.089841	-0.19261	14	3
1.7088	1.192	3.0821	2.1937	0.023091	0.069986	-0.0074027	-0.019983	0.083862	-0.015778	-0.0022968	-0.056689	0.030383	0.81685	0.22737	0.53015	-0.97262	-0.2103	-0.098921	0.012358	-0.0059657	0.99991	15	2
1.1929	1.7027	3.0716	2.1891	-0.019983	0.083862	-0.015778	0.023091	0.069986	-0.0074027	-0.0022968	-0.056689	0.030383	-0.97262	-0.2103	-0.098921	0.81685	0.22737	0.53015	0.012358	-0.0059657	0.99991	15	5
1.2918	0.63449	1.262	0.96743	-0.019983	0.083862	-0.015778	-0.0022968	-0.056689	0.030383	0.023091	0.069986	-0.0074027	-0.97262	-0.2103	-0.098921	0.012358	-0.0059657	0.99991	0.81685	0.22737	0.53015	15	6
0.90896	0.69503	0.84767	0.41122	0.024486	-0.046847	0.023736	0.021294	0.071454	-0.0058643	-0.04578	-0.024607	-0.017872	0.5622	-0.095566	0.82146	0.8051	0.15725	0.57191	-0.99185	-0.093305	-0.086754	16	2
0.5068	0.77949	1.5607	0.41223	0.021294	0.071454	-0.0058643	0.024486	-0.046847	0.023736	-0.04578	-0.024607	-0.017872	0.8051	0.15725	0.57191	0.5622	-0.095566	0.82146	-0.99185	-0.093305	-0.086754	16	5
1.0009	1.5916	1.3056	1.9751	-0.023789	0.063657	-0.013522	0.036314	-0.054342	0.012576	-0.027659	-0.01123	0.017404	-0.71695	0.69711	-0.0032816	0.77172	-0.17023	0.61276	-0.63999	-0.038298	0.76743	17	2
1.4659	1.1372	0.64172	0.097635	-0.027659	-0.01123	0.017404	-0.023789	0.063657	-0.013522	0.036314	-0.054342	0.012576	-0.63999	-0.038298	0.76743	-0.71695	0.69711	-0.0032816	0.77172	-0.17023	0.61276	17	3
1.4359	1.1442	1.3759	1.7709	0.036314	-0.054342	0.012576	-0.023789	0.063657	-0.013522	-0.027659	-0.01123	0.017404	0.77172	-0.17023	0.61276	-0.71695	0.69711	-0.0032816	-0.63999	-0.038298	0.76743	17	5
1.24	1.4216	0.63499	0.51683	0.036314	-0.054342	0.012576	-0.027659	-0.01123	0.017404	-0.023789	0.063657	-0.013522	0.77172	-0.17023	0.61276	-0.63999	-0.038298	0.76743	-0.71695	0.69711	-0.0032816	17	6
1.8919	2.4928	1.0448	1.7128	-0.0031587	-0.014113	0.027651	0.03363	-0.049203	0.014617	-0.052282	0.0075804	-0.014542	-0.027467	0.0098764	0.99957	0.729	-0.088713	0.67874	-0.040068	0.72629	0.68622	18	1
1.6893	2.5525	1.1515	1.8839	-0.0031587	-0.014113	0.027651	-0.052282	0.0075804	-0.014542	0.03363	-0.049203	0.014617	-0.027467	0.0098764	0.99957	-0.040068	0.72629	0.68622	0.729	-0.088713	0.67874	18	2
2.4446	1.8682	1.0008	1.7635	0.03363	-0.049203	0.014617	-0.0031587	-0.014113	0.027651	-0.052282	0.0075804	-0.014542	0.729	-0.088713	0.67874	-0.027467	0.0098764	0.99957	-0.040068	0.72629	0.68622	18	3
1.4542	1.8001	1.5267	1.0625	0.03363	-0.049203	0.014617	-0.052282	0.0075804	-0.014542	-0.0031587	-0.014113	0.027651	0.729	-0.088713	0.67874	-0.040068	0.72629	0.68622	-0.027467	0.0098764	0.99957	18	4
2.5579	1.7609	1.1022	1.3441	-0.052282	0.0075804	-0.014542	-0.0031587	-0.014113	0.027651	0.03363	-0.049203	0.014617	-0.040068	0.72629	0.68622	-0.027467	0.0098764	0.99957	0.729	-0.088713	0.67874	18	5
1.4178	1.6487	1.4619	1.4985	-0.052282	0.0075804	-0.014542	0.03363	-0.049203	0.014617	-0.0031587	-0.014113	0.027651	-0.040068	0.72629	0.68622	0.729	-0.088713	0.67874	-0.027467	0.0098764	0.99957	18	6
0.45945	0.73995	1.613	0.43883	0.021363	0.074096	-0.0075376	0.023958	-0.050759	0.022709	-0.04532	-0.023336	-0.015171	0.85705	0.078057	0.50929	0.55412	-0.157	0.8175	-0.99584	-0.088264	-0.02244	19	2
0.92755	0.65423	0.8736	0.44451	0.023958	-0.050759	0.022709	0.021363	0.074096	-0.0075376	-0.04532	-0.023336	-0.015171	0.55412	-0.157	0.8175	0.85705	0.078057	0.50929	-0.99584	-0.088264	-0.02244	19	5
0.40581	2.4983	0.46546	2.0773	0.023958	-0.050759	0.022709	-0.04532	-0.023336	-0.015171	0.021363	0.074096	-0.0075376	0.55412	-0.157	0.8175	-0.99584	-0.088264	-0.02244	0.85705	0.078057	0.50929	19	6
1.4659	1.1372	0.64172	0.097623	-0.027659	-0.01123	0.017404	-0.02379	0.063657	-0.013522	0.036314	-0.054342	0.012576	-0.63999	-0.038295	0.76743	-0.71695	0.69712	-0.0032915	0.77172	-0.17024	0.61276	21	2
1.24	1.4216	0.635	0.51683	0.036314	-0.054342	0.012576	-0.027659	-0.01123	0.017404	-0.02379	0.063657	-0.013522	0.77172	-0.17024	0.61276	-0.63999	-0.038295	0.76743	-0.71695	0.69712	-0.0032915	21	3
1.4359	1.1442	1.3759	1.7709	0.036314	-0.054342	0.012576	-0.02379	0.063657	-0.013522	-0.027659	-0.01123	0.017404	0.77172	-0.17024	0.61276	-0.71695	0.69712	-0.0032915	-0.63999	-0.038295	0.76743	21	4
1.15	1.2823	0.62517	0.79157	-0.02379	0.063657	-0.013522	-0.027659	-0.01123	0.017404	0.036314	-0.054342	0.012576	-0.71695	0.69712	-0.0032915	-0.63999	-0.038295	0.76743	0.77172	-0.17024	0.61276	21	5
1.001	1.5915	1.3057	1.9752	-0.02379	0.063657	-0.013522	0.036314	-0.054342	0.012576	-0.027659	-0.01123	0.017404	-0.71695	0.69712	-0.0032915	0.77172	-0.17024	0.61276	-0.63999	-0.038295	0.76743	21	6
1.8919	2.4928	1.0448	1.7128	-0.0031587	-0.014113	0.027651	0.03363	-0.049203	0.014617	-0.052282	0.0075804	-0.014542	-0.027467	0.0098764	0.99957	0.729	-0.088713	0.67874	-0.04007	0.72629	0.68622	23	1
1.6893	2.5525	1.1515	1.8839	-0.0031587	-0.014113	0.027651	-0.052282	0.0075804	-0.014542	0.03363	-0.049203	0.014617	-0.027467	0.0098764	0.99957	-0.04007	0.72629	0.68622	0.729	-0.088713	0.67874	23	2
2.4446	1.8682	1.0008	1.7635	0.03363	-0.049203	0.014617	-0.0031587	-0.014113	0.027651	-0.052282	0.0075804	-0.014542	0.729	-0.088713	0.67874	-0.027467	0.0098764	0.99957	-0.04007	0.72629	0.68622	23	3
1.4542	1.8001	1.5267	1.0625	0.03363	-0.049203	0.014617	-0.052282	0.0075804	-0.014542	-0.0031587	-0.014113	0.027651	0.729	-0.088713	0.67874	-0.04007	0.72629	0.68622	-0.027467	0.0098764	0.99957	23	4
2.5579	1.7609	1.1022	1.3442	-0.052282	0.0075804	-0.014542	-0.0031587	-0.014113	0.027651	0.03363	-0.049203	0.014617	-0.04007	0.72629	0.68622	-0.027467	0.0098764	0.99957	0.729	-0.088713	0.67874	23	5
1.4178	1.6488	1.4619	1.4985	-0.052282	0.0075804	-0.014542	0.03363	-0.049203	0.014617	-0.0031587	-0.014113	0.027651	-0.04007	0.72629	0.68622	0.729	-0.088713	0.67874	-0.027467	0.0098764	0.99957	23	6
0.46534	0.87768	1.4854	0.53515	0.032844	-0.058743	0.015485	0.0039597	0.08533	0.0042272	-0.028824	0.055422	-0.010596	0.65612	-0.28293	0.69962	0.14246	-0.21375	0.96645	-0.69007	0.64936	0.31958	24	2
2.0966	2.8606	0.11646	-0.078074	-0.028824	0.055422	-0.010596	0.0039597	0.08533	0.0042272	0.032844	-0.058743	0.015485	-0.69007	0.64936	0.31958	0.14246	-0.21375	0.96645	0.65612	-0.28293	0.69962	24	4
0.97765	0.56393	1.3899	0.51474	0.0039597	0.08533	0.0042272	0.032844	-0.058743	0.015485	-0.028824	0.055422	-0.010596	0.14246	-0.21375	0.96645	0.65612	-0.28293	0.69962	-0.69007	0.64936	0.31958	24	5
0.85808	2.1914	0.020978	1.7851	0.0039597	0.08533	0.0042272	-0.028824	0.055422	-0.010596	0.032844	-0.058743	0.015485	0.14246	-0.21375	0.96645	-0.69007	0.64936	0.31958	0.65612	-0.28293	0.69962	24	6
0.97699	0.68789	0.80054	0.42287	0.020844	-0.045241	0.026214	0.023511	0.071244	-0.0083413	-0.044354	-0.026003	-0.017873	0.48198	-0.06544	0.87374	0.84177	0.19569	0.50311	-0.99216	-0.062389	-0.10829	27	2
0.52418	0.83173	1.5375	0.41848	0.023511	0.071244	-0.0083413	0.020844	-0.045241	0.026214	-0.044354	-0.026003	-0.017873	0.84177	0.19569	0.50311	0.48198	-0.06544	0.87374	-0.99216	-0.062389	-0.10829	27	5
1.0476	2.1226	0.77005	0.63362	0.023511	0.071244	-0.0083413	-0.044354	-0.026003	-0.017873	0.020844	-0.045241	0.026214	0.84177	0.19569	0.50311	-0.99216	-0.062389	-0.10829	0.48198	-0.06544	0.87374	27	6
1.1456	1.1921	1.0914	0.28036	-0.031355	0.037752	-0.040079	-0.0021296	-0.014642	0.027675	0.022411	-0.039288	0.023435	-0.66702	0.48297	-0.56729	-0.0028866	0.022485	0.99974	0.50558	0.044194	0.86164	28	2
1.0247	1.3365	0.98252	0.15068	0.022411	-0.039288	0.023435	-0.0021296	-0.014642	0.027675	-0.031355	0.037752	-0.040079	0.50558	0.044194	0.86164	-0.0028866	0.022485	0.99974	-0.66702	0.48297	-0.56729	28	4
1.5528	0.85979	1.3086	1.4221	0.016736	-0.035865	0.02715	-0.019828	0.014962	-0.054915	-0.0039484	-0.013886	0.027619	0.3827	0.061656	0.92181	-0.50195	0.30117	-0.81077	-0.048856	0.0062679	0.99879	29	2
1.1614	1.0317	0.41207	0.13166	-0.0039484	-0.013886	0.027619	0.016736	-0.035865	0.02715	-0.019828	0.014962	-0.054915	-0.048856	0.0062679	0.99879	0.3827	0.061656	0.92181	-0.50195	0.30117	-0.81077	29	3
1.6082	1.4762	1.816	1.5424	-0.019828	0.014962	-0.054915	0.016736	-0.035865	0.02715	-0.0039484	-0.013886	0.027619	-0.50195	0.30117	-0.81077	0.3827	0.061656	0.92181	-0.048856	0.0062679	0.99879	29	5
0.703	1.2418	0.15338	2.779	-0.019828	0.014962	-0.054915	-0.0039484	-0.013886	0.027619	0.016736	-0.035865	0.02715	-0.50195	0.30117	-0.81077	-0.048856	0.0062679	0.99879	0.3827	0.061656	0.92181	29	6
0.8576	2.1915	0.020942	1.7857	0.00396	0.08533	0.0042272	-0.028824	0.055422	-0.010596	0.032844	-0.058743	0.015485	0.14248	-0.21375	0.96644	-0.69008	0.64937	0.31954	0.65612	-0.28293	0.69962	30	3
0.97765	0.56394	1.3899	0.51473	0.00396	0.08533	0.0042272	0.032844	-0.058743	0.015485	-0.028824	0.055422	-0.010596	0.14248	-0.21375	0.96644	0.65612	-0.28293	0.69962	-0.69008	0.64937	0.31954	30	4
1.4326	0.86231	0.53739	1.5846	-0.043948	-0.022659	-0.020275	0.020786	0.072306	-0.004737	0.023162	-0.049647	0.025012	-0.97901	-0.090604	-0.18256	0.77757	0.13031	0.61515	0.52828	-0.14969	0.83577	31	6
0.84619	2.1928	1.3872	1.8539	0.036557	-0.054957	0.012895	-0.037333	0.012829	-0.0325	-0.013946	0.045352	0.013236	0.76816	-0.1908	0.61117	-0.89981	0.19704	-0.38925	-0.48352	0.32824	0.81146	32	2
1.569	0.61957	0.73195	0.56544	-0.013946	0.045352	0.013236	0.036557	-0.054957	0.012895	-0.037333	0.012829	-0.0325	-0.48352	0.32824	0.81146	0.76816	-0.1908	0.61117	-0.89981	0.19704	-0.38925	32	3
1.4733	2.2603	1.0723	0.56161	-0.013946	0.045352	0.013236	-0.037333	0.012829	-0.0325	0.036557	-0.054957	0.012895	-0.48352	0.32824	0.81146	-0.89981	0.19704	-0.38925	0.76816	-0.1908	0.61117	32	4
1.5572	0.835	0.83922	1.528	-0.037333	0.012829	-0.0325	0.036557	-0.054957	0.012895	-0.013946	0.045352	0.013236	-0.89981	0.19704	-0.38925	0.76816	-0.1908	0.61117	-0.48352	0.32824	0.81146	32	5
1.2831	1.3274	0.73873	0.34955	-0.037333	0.012829	-0.0325	-0.013946	0.045352	0.013236	0.036557	-0.054957	0.012895	-0.89981	0.19704	-0.38925	-0.48352	0.32824	0.81146	0.76816	-0.1908	0.61117	32	6
0.84619	2.1928	1.3872	1.8539	0.036557	-0.054957	0.012895	-0.037333	0.012829	-0.0325	-0.013946	0.045352	0.013236	0.76816	-0.1908	0.61117	-0.89981	0.19704	-0.38925	-0.48352	0.32824	0.81146	33	1
0.73513	1.5048	0.88037	0.56989	0.036557	-0.054957	0.012895	-0.013946	0.045352	0.013236	-0.037333	0.012829	-0.0325	0.76816	-0.1908	0.61117	-0.48352	0.32824	0.81146	-0.89981	0.19704	-0.38925	33	2
1.2831	1.3274	0.73873	0.34955	-0.037333	0.012829	-0.0325	-0.013946	0.045352	0.013236	0.036557	-0.054957	0.012895	-0.89981	0.19704	-0.38925	-0.48352	0.32824	0.81146	0.76816	-0.1908	0.61117	33	4
1.569	0.61957	0.73195	0.56544	-0.013946	0.045352	0.013236	0.036557	-0.054957	0.012895	-0.037333	0.012829	-0.0325	-0.48352	0.32824	0.81146	0.76816	-0.1908	0.61117	-0.89981	0.19704	-0.38925	33	5
1.4733	2.2603	1.0723	0.56161	-0.013946	0.045352	0.013236	-0.037333	0.012829	-0.0325	0.036557	-0.054957	0.012895	-0.48352	0.32824	0.81146	-0.89981	0.19704	-0.38925	0.76816	-0.1908	0.61117	33	6
1.2115	1.8151	1.5958	1.735	0.024699	0.070388	-0.0075562	-0.043214	-0.021949	-0.030835	-0.02165	0.0028916	0.021745	0.81709	0.22553	0.53057	-0.91987	-0.1095	-0.37662	-0.52661	0.044072	0.84896	35	2
1.6191	0.67544	0.63809	0.42021	-0.02165	0.0028916	0.021745	0.024699	0.070388	-0.0075562	-0.043214	-0.021949	-0.030835	-0.52661	0.044072	0.84896	0.81709	0.22553	0.53057	-0.91987	-0.1095	-0.37662	35	3
1.4649	0.63137	0.68422	0.28563	-0.02165	0.0028916	0.021745	-0.043214	-0.021949	-0.030835	0.024699	0.070388	-0.0075562	-0.52661	0.044072	0.84896	-0.91987	-0.1095	-0.37662	0.81709	0.22553	0.53057	35	4
1.3276	0.99928	1.0726	1.5498	-0.043214	-0.021949	-0.030835	0.024699	0.070388	-0.0075562	-0.02165	0.0028916	0.021745	-0.91987	-0.1095	-0.37662	0.81709	0.22553	0.53057	-0.52661	0.044072	0.84896	35	5
1.0333	1.5244	0.77261	0.32111	-0.043214	-0.021949	-0.030835	-0.02165	0.0028916	0.021745	0.024699	0.070388	-0.0075562	-0.91987	-0.1095	-0.37662	-0.52661	0.044072	0.84896	0.81709	0.22553	0.53057	35	6
1.3042	1.0946	1.1785	1.456	0.022301	-0.038616	0.026257	-0.017481	0.01352	-0.054524	-0.020915	0.010286	0.021529	0.48885	0.074083	0.86922	-0.5225	0.28966	-0.80193	-0.44602	0.17928	0.87688	36	2
1.341	0.90766	0.4794	0.28451	-0.020915	0.010286	0.021529	0.022301	-0.038616	0.026257	-0.017481	0.01352	-0.054524	-0.44602	0.17928	0.87688	0.48885	0.074083	0.86922	-0.5225	0.28966	-0.80193	36	3
1.198	1.2678	1.0538	1.558	-0.017481	0.01352	-0.054524	0.022301	-0.038616	0.026257	-0.020915	0.010286	0.021529	-0.5225	0.28966	-0.80193	0.48885	0.074083	0.86922	-0.44602	0.17928	0.87688	36	5
1.2606	1.7377	0.6881	0.70541	-0.017481	0.01352	-0.054524	-0.020915	0.010286	0.021529	0.022301	-0.038616	0.026257	-0.5225	0.28966	-0.80193	-0.44602	0.17928	0.87688	0.48885	0.074083	0.86922	36	6
0.84362	2.049	1.5565	1.8398	-0.048446	-0.022687	-0.020998	0.024074	0.070123	-0.0073194	0.0056209	0.085475	0.0062701	-0.97853	-0.17264	-0.1126	0.81312	0.22813	0.53553	0.27588	-0.19123	0.94198	38	2
1.51	0.58162	1.2708	0.20031	0.0056209	0.085475	0.0062701	-0.048446	-0.022687	-0.020998	0.024074	0.070123	-0.0073194	0.27588	-0.19123	0.94198	-0.97853	-0.17264	-0.1126	0.81312	0.22813	0.53553	38	3
2.202	1.9545	0.44318	1.1075	0.0056209	0.085475	0.0062701	0.024074	0.070123	-0.0073194	-0.048446	-0.022687	-0.020998	0.27588	-0.19123	0.94198	0.81312	0.22813	0.53553	-0.97853	-0.17264	-0.1126	38	4
1.7785	0.65001	1.2464	1.628	0.024074	0.070123	-0.0073194	-0.048446	-0.022687	-0.020998	0.0056209	0.085475	0.0062701	0.81312	0.22813	0.53553	-0.97853	-0.17264	-0.1126	0.27588	-0.19123	0.94198	38	5
0.70748	1.7186	0.6328	0.40987	0.035089	-0.049878	0.01561	-0.029716	-0.0088553	0.015666	-0.037444	0.025669	-0.029597	0.72897	-0.079311	0.67994	-0.68396	-0.011369	0.72943	-0.8719	0.24246	-0.42546	39	2
0.82292	1.5214	0.69668	0.27765	-0.037444	0.025669	-0.029597	-0.029716	-0.0088553	0.015666	0.035089	-0.049878	0.01561	-0.8719	0.24246	-0.42546	-0.68396	-0.011369	0.72943	0.72897	-0.079311	0.67994	39	4
1.6144	0.84606	0.69917	0.13623	-0.029716	-0.0088553	0.015666	0.035089	-0.049878	0.01561	-0.037444	0.025669	-0.029597	-0.68396	-0.011369	0.72943	0.72897	-0.079311	0.67994	-0.8719	0.24246	-0.42546	39	5
1.6191	0.67536	0.63818	0.42018	-0.02165	0.0028917	0.021745	0.024699	0.070388	-0.0075561	-0.043221	-0.02195	-0.030833	-0.52661	0.044072	0.84897	0.81709	0.22553	0.53057	-0.91991	-0.10957	-0.37652	40	2
1.033	1.5244	0.77259	0.32106	-0.043221	-0.02195	-0.030833	-0.02165	0.0028917	0.021745	0.024699	0.070388	-0.0075561	-0.91991	-0.10957	-0.37652	-0.52661	0.044072	0.84897	0.81709	0.22553	0.53057	40	3
1.3275	0.99926	1.0726	1.5498	-0.043221	-0.02195	-0.030833	0.024699	0.070388	-0.0075561	-0.02165	0.0028917	0.021745	-0.91991	-0.10957	-0.37652	0.81709	0.22553	0.53057	-0.52661	0.044072	0.84897	40	4
0.71119	1.6105	0.67317	0.44077	0.024699	0.070388	-0.0075561	-0.02165	0.0028917	0.021745	-0.043221	-0.02195	-0.030833	0.81709	0.22553	0.53057	-0.52661	0.044072	0.84897	-0.91991	-0.10957	-0.37652	40	5
1.2116	1.815	1.5958	1.7351	0.024699	0.070388	-0.0075561	-0.043221	-0.02195	-0.030833	-0.02165	0.0028917	0.021745	0.81709	0.22553	0.53057	-0.91991	-0.10957	-0.37652	-0.52661	0.044072	0.84897	40	6
1.3308	1.2399	0.079126	1.4966	0.024081	0.07013	-0.007237	-0.020032	0.083856	-0.015087	-0.035537	-0.055545	0.01479	0.81177	0.22748	0.53785	-0.97978	-0.19503	-0.04462	-0.72259	-0.022987	0.6909	41	4
0.87943	0.40994	1.5435	0.58487	-0.020032	0.083856	-0.015087	-0.035537	-0.055545	0.01479	0.024081	0.07013	-0.007237	-0.97978	-0.19503	-0.04462	-0.72259	-0.022987	0.6909	0.81177	0.22748	0.53785	41	5
1.1643	1.6677	0.27488	1.7225	-0.020032	0.083856	-0.015087	0.024081	0.07013	-0.007237	-0.035537	-0.055545	0.01479	-0.97978	-0.19503	-0.04462	0.81177	0.22748	0.53785	-0.72259	-0.022987	0.6909	41	6
1.5527	1.3425	0.58892	0.27852	0.024574	0.070328	-0.0073384	-0.015956	0.042701	0.012817	-0.048392	-0.022784	-0.021308	0.81336	0.2254	0.53631	-0.53457	0.35104	0.76877	-0.97791	-0.17083	-0.12042	42	2
0.82162	1.5003	1.0896	0.29572	-0.048392	-0.022784	-0.021308	-0.015956	0.042701	0.012817	0.024574	0.070328	-0.0073384	-0.97791	-0.17083	-0.12042	-0.53457	0.35104	0.76877	0.81336	0.2254	0.53631	42	4
1.3308	1.2399	0.079126	1.4966	0.024081	0.07013	-0.007237	-0.020032	0.083856	-0.015087	-0.035537	-0.055545	0.01479	0.81177	0.22748	0.53785	-0.97978	-0.19503	-0.04462	-0.72259	-0.022987	0.6909	43	4
0.87943	0.40994	1.5435	0.58487	-0.020032	0.083856	-0.015087	-0.035537	-0.055545	0.01479	0.024081	0.07013	-0.007237	-0.97978	-0.19503	-0.04462	-0.72259	-0.022987	0.6909	0.81177	0.22748	0.53785	43	5
1.1643	1.6677	0.27488	1.7225	-0.020032	0.083856	-0.015087	0.024081	0.07013	-0.007237	-0.035537	-0.055545	0.01479	-0.97978	-0.19503	-0.04462	0.81177	0.22748	0.53785	-0.72259	-0.022987	0.6909	43	6
1.3308	1.2399	0.079126	1.4966	0.024081	0.07013	-0.007237	-0.020032	0.083856	-0.015087	-0.035537	-0.055545	0.01479	0.81177	0.22748	0.53785	-0.97978	-0.19503	-0.04462	-0.72259	-0.022987	0.6909	45	2
1.1643	1.6677	0.27488	1.7225	-0.020032	0.083856	-0.015087	0.024081	0.07013	-0.007237	-0.035537	-0.055545	0.01479	-0.97978	-0.19503	-0.04462	0.81177	0.22748	0.53785	-0.72259	-0.022987	0.6909	45	5
1.525	0.79168	2.9733	2.4505	-0.036434	-0.04134	0.010177	0.036643	-0.053444	0.013207	-0.015673	0.091809	-0.020182	-0.74797	0.00051656	0.66374	0.77418	-0.14959	0.61504	-0.71448	-0.53182	-0.45463	46	1
1.1105	0.47504	1.007	0.54336	-0.036434	-0.04134	0.010177	-0.015673	0.091809	-0.020182	0.036643	-0.053444	0.013207	-0.74797	0.00051656	0.66374	-0.71448	-0.53182	-0.45463	0.77418	-0.14959	0.61504	46	2
0.79265	1.5187	2.9161	2.4103	0.036643	-0.053444	0.013207	-0.036434	-0.04134	0.010177	-0.015673	0.091809	-0.020182	0.77418	-0.14959	0.61504	-0.74797	0.00051656	0.66374	-0.71448	-0.53182	-0.45463	46	3
1.3031	0.55555	0.82632	1.5143	0.036643	-0.053444	0.013207	-0.015673	0.091809	-0.020182	-0.036434	-0.04134	0.010177	0.77418	-0.14959	0.61504	-0.71448	-0.53182	-0.45463	-0.74797	0.00051656	0.66374	46	4
0.47815	1.1717	1.138	0.54163	-0.015673	0.091809	-0.020182	-0.036434	-0.04134	0.010177	0.036643	-0.053444	0.013207	-0.71448	-0.53182	-0.45463	-0.74797	0.00051656	0.66374	0.77418	-0.14959	0.61504	46	5
0.28376	2.0104	1.0803	1.7945	-0.015673	0.091809	-0.020182	0.036643	-0.053444	0.013207	-0.036434	-0.04134	0.010177	-0.71448	-0.53182	-0.45463	0.77418	-0.14959	0.61504	-0.74797	0.00051656	0.66374	46	6
1.222	0.84887	1.5417	1.3354	0.034847	-0.050357	0.013736	-0.058476	0.028419	-0.016445	-0.0020943	-0.014666	0.027675	0.74868	-0.094375	0.65618	-0.14847	0.52102	-0.84053	-0.0020763	0.023156	0.99973	47	2
1.6089	1.1194	0.73233	0.33164	-0.0020943	-0.014666	0.027675	0.034847	-0.050357	0.013736	-0.058476	0.028419	-0.016445	-0.0020763	0.023156	0.99973	0.74868	-0.094375	0.65618	-0.14847	0.52102	-0.84053	47	3
1.7958	0.78761	0.96169	0.43576	-0.0020943	-0.014666	0.027675	-0.058476	0.028419	-0.016445	0.034847	-0.050357	0.013736	-0.0020763	0.023156	0.99973	-0.14847	0.52102	-0.84053	0.74868	-0.094375	0.65618	47	4
1.1772	1.5253	1.2449	0.92353	-0.058476	0.028419	-0.016445	0.034847	-0.050357	0.013736	-0.0020943	-0.014666	0.027675	-0.14847	0.52102	-0.84053	0.74868	-0.094375	0.65618	-0.0020763	0.023156	0.99973	47	5
1.0493	1.4903	1.7098	1.0869	-0.058476	0.028419	-0.016445	-0.0020943	-0.014666	0.027675	0.034847	-0.050357	0.013736	-0.14847	0.52102	-0.84053	-0.0020763	0.023156	0.99973	0.74868	-0.094375	0.65618	47	6
1.6592	1.4102	1.8485	1.6531	-0.038124	0.025906	-0.030631	0.032399	-0.048305	0.015834	-0.0037436	-0.013932	0.027629	-0.86571	0.24301	-0.4376	0.70701	-0.084293	0.70216	-0.043071	0.0068823	0.99905	49	2
1.3298	0.86782	0.51639	0.1835	-0.0037436	-0.013932	0.027629	0.032399	-0.048305	0.015834	-0.038124	0.025906	-0.030631	-0.043071	0.0068823	0.99905	0.70701	-0.084293	0.70216	-0.86571	0.24301	-0.4376	49	4
1.349	0.9833	1.2357	1.5419	0.032399	-0.048305	0.015834	-0.038124	0.025906	-0.030631	-0.0037436	-0.013932	0.027629	0.70701	-0.084293	0.70216	-0.86571	0.24301	-0.4376	-0.043071	0.0068823	0.99905	49	5
0.53993	2.4062	0.63464	1.6074	0.020009	0.071617	-0.0083661	-0.047872	-0.015887	-0.0083806	0.027863	-0.05573	0.016747	0.86302	0.15572	0.48058	-0.96233	-0.058913	0.26543	0.6352	-0.19211	0.74807	50	3
0.62472	0.87567	1.0725	0.46099	0.020009	0.071617	-0.0083661	0.027863	-0.05573	0.016747	-0.047872	-0.015887	-0.0083806	0.86302	0.15572	0.48058	0.6352	-0.19211	0.74807	-0.96233	-0.058913	0.26543	50	4
0.24231	2.472	0.42788	2.1759	0.027863	-0.05573	0.016747	-0.047872	-0.015887	-0.0083806	0.020009	0.071617	-0.0083661	0.6352	-0.19211	0.74807	-0.96233	-0.058913	0.26543	0.86302	0.15572	0.48058	50	5
0.83442	2.0868	0.30296	2.2942	0.022946	0.069987	-0.007371	-0.027667	0.057583	-0.01353	0.0045066	-0.055602	0.030124	0.81684	0.22633	0.53061	-0.71675	0.69374	0.070675	0.21041	-0.057021	0.97595	51	3
1.5058	0.77293	1.0281	1.0715	0.022946	0.069987	-0.007371	0.0045066	-0.055602	0.030124	-0.027667	0.057583	-0.01353	0.81684	0.22633	0.53061	0.21041	-0.057021	0.97595	-0.71675	0.69374	0.070675	51	4
1.0081	2.7579	2.8481	0.49179	0.0045066	-0.055602	0.030124	-0.027667	0.057583	-0.01353	0.022946	0.069987	-0.007371	0.21041	-0.057021	0.97595	-0.71675	0.69374	0.070675	0.81684	0.22633	0.53061	51	5
0.99265	1.2222	0.94292	1.4049	0.0045066	-0.055602	0.030124	0.022946	0.069987	-0.007371	-0.027667	0.057583	-0.01353	0.21041	-0.057021	0.97595	0.81684	0.22633	0.53061	-0.71675	0.69374	0.070675	51	6
0.50441	0.79666	1.5491	0.39798	0.021262	0.071348	-0.0046763	0.024181	-0.045098	0.023178	-0.045443	-0.02625	-0.018502	0.7765	0.15936	0.60963	0.56555	-0.057607	0.8227	-0.99191	-0.071501	-0.1049	53	2
0.88952	0.70185	0.96173	0.41914	0.024181	-0.045098	0.023178	0.021262	0.071348	-0.0046763	-0.045443	-0.02625	-0.018502	0.56555	-0.057607	0.8227	0.7765	0.15936	0.60963	-0.99191	-0.071501	-0.1049	53	5
0.58476	2.417	0.50257	2.0667	0.024181	-0.045098	0.023178	-0.045443	-0.02625	-0.018502	0.021262	0.071348	-0.0046763	0.56555	-0.057607	0.8227	-0.99191	-0.071501	-0.1049	0.7765	0.15936	0.60963	53	6
0.5152	2.3755	0.30319	2.2163	0.036531	-0.053666	0.013009	-0.043876	-0.033083	-0.01725	0.0073451	0.08675	0.0042404	0.77379	-0.15476	0.61424	-0.99852	0.007934	-0.053851	0.36481	-0.21806	0.90519	55	3
0.61847	0.39472	1.5908	0.52332	0.036531	-0.053666	0.013009	0.0073451	0.08675	0.0042404	-0.043876	-0.033083	-0.01725	0.77379	-0.15476	0.61424	0.36481	-0.21806	0.90519	-0.99852	0.007934	-0.053851	55	4
1.2461	1.0253	1.0517	1.6009	-0.030042	0.036586	-0.03806	0.036094	-0.051319	0.014293	-0.020347	0.0091527	0.022007	-0.82216	0.36658	-0.4355	0.75811	-0.099327	0.64452	-0.42493	0.13438	0.8952	56	2
1.4837	0.68906	0.67357	0.3436	-0.020347	0.0091527	0.022007	0.036094	-0.051319	0.014293	-0.030042	0.036586	-0.03806	-0.42493	0.13438	0.8952	0.75811	-0.099327	0.64452	-0.82216	0.36658	-0.4355	56	4
1.0803	1.832	1.5004	1.7897	0.036094	-0.051319	0.014293	-0.030042	0.036586	-0.03806	-0.020347	0.0091527	0.022007	0.75811	-0.099327	0.64452	-0.82216	0.36658	-0.4355	-0.42493	0.13438	0.8952	56	5
1.6447	1.6362	1.9806	1.6458	-0.017067	0.013383	-0.055831	-0.0011961	-0.015454	0.027695	-0.0011961	-0.015454	0.027695	-0.45761	0.35238	-0.81635	0.020549	0.046974	0.99868	0.020549	0.046974	0.99868	57	2
1.1623	1.1581	0.55179	0.11629	-0.0011961	-0.015454	0.027695	-0.0011961	-0.015454	0.027695	-0.017067	0.013383	-0.055831	0.020549	0.046974	0.99868	0.020549	0.046974	0.99868	-0.45761	0.35238	-0.81635	57	4
1.3455	1.7001	1.7035	1.7439	0.035089	-0.049878	0.01561	-0.037444	0.025669	-0.029597	-0.029716	-0.0088553	0.015666	0.72897	-0.079311	0.67994	-0.8719	0.24246	-0.42546	-0.68396	-0.011369	0.72943	58	2
1.6144	0.84606	0.69917	0.13623	-0.029716	-0.0088553	0.015666	0.035089	-0.049878	0.01561	-0.037444	0.025669	-0.029597	-0.68396	-0.011369	0.72943	0.72897	-0.079311	0.67994	-0.8719	0.24246	-0.42546	58	3
1.5181	0.73288	0.61682	0.25831	-0.029716	-0.0088553	0.015666	-0.037444	0.025669	-0.029597	0.035089	-0.049878	0.01561	-0.68396	-0.011369	0.72943	-0.8719	0.24246	-0.42546	0.72897	-0.079311	0.67994	58	4
1.298	1.0354	1.1505	1.5851	-0.037444	0.025669	-0.029597	0.035089	-0.049878	0.01561	-0.029716	-0.0088553	0.015666	-0.8719	0.24246	-0.42546	0.72897	-0.079311	0.67994	-0.68396	-0.011369	0.72943	58	5
0.90343	0.64868	0.89076	0.4216	0.024983	-0.048727	0.022283	0.021348	0.074495	-0.0072996	-0.046331	-0.025769	-0.014983	0.57466	-0.12351	0.80902	0.85143	0.081283	0.51814	-0.99609	-0.087934	-0.0082875	59	3
1.5943	1.7573	1.0893	1.2506	0.022326	0.072775	-0.0104	-0.0064893	0.090176	0.0011575	-0.017739	0.042486	0.011422	0.9047	0.14228	0.4016	-0.44902	-0.40028	0.79884	-0.54874	0.37492	0.74721	60	2
0.86372	2.3148	1.3667	2.2163	-0.017739	0.042486	0.011422	0.022326	0.072775	-0.0104	-0.0064893	0.090176	0.0011575	-0.54874	0.37492	0.74721	0.9047	0.14228	0.4016	-0.44902	-0.40028	0.79884	60	3
2.1138	1.6478	1.8699	0.59915	-0.017739	0.042486	0.011422	-0.0064893	0.090176	0.0011575	0.022326	0.072775	-0.0104	-0.54874	0.37492	0.74721	-0.44902	-0.40028	0.79884	0.9047	0.14228	0.4016	60	4
1.2032	2.1708	1.2004	2.2238	-0.0064893	0.090176	0.0011575	0.022326	0.072775	-0.0104	-0.017739	0.042486	0.011422	-0.44902	-0.40028	0.79884	0.9047	0.14228	0.4016	-0.54874	0.37492	0.74721	60	5
1.6506	1.6232	0.94467	0.42155	-0.0064893	0.090176	0.0011575	-0.017739	0.042486	0.011422	0.022326	0.072775	-0.0104	-0.44902	-0.40028	0.79884	-0.54874	0.37492	0.74721	0.9047	0.14228	0.4016	60	6
0.81603	1.4694	0.90156	0.35611	0.036094	-0.051319	0.014293	-0.020347	0.0091527	0.022007	-0.030042	0.036586	-0.03806	0.75811	-0.099327	0.64452	-0.42493	0.13438	0.8952	-0.82216	0.36658	-0.4355	61	3
1.0803	1.832	1.5004	1.7897	0.036094	-0.051319	0.014293	-0.030042	0.036586	-0.03806	-0.020347	0.0091527	0.022007	0.75811	-0.099327	0.64452	-0.82216	0.36658	-0.4355	-0.42493	0.13438	0.8952	61	4
0.91991	1.5266	0.69527	0.41524	-0.030042	0.036586	-0.03806	-0.020347	0.0091527	0.022007	0.036094	-0.051319	0.014293	-0.82216	0.36658	-0.4355	-0.42493	0.13438	0.8952	0.75811	-0.099327	0.64452	61	5
1.2461	1.0253	1.0517	1.6009	-0.030042	0.036586	-0.03806	0.036094	-0.051319	0.014293	-0.020347	0.0091527	0.022007	-0.82216	0.36658	-0.4355	0.75811	-0.099327	0.64452	-0.42493	0.13438	0.8952	61	6
0.51159	2.3921	0.32004	2.2031	0.036628	-0.053741	0.013123	-0.043802	-0.032694	-0.018143	0.0071736	0.086435	0.0050203	0.77369	-0.15752	0.61367	-0.99659	0.015541	-0.081051	0.35871	-0.20751	0.91009	62	2
1.301	1.0595	0.1369	1.5531	-0.043802	-0.032694	-0.018143	0.036628	-0.053741	0.013123	0.0071736	0.086435	0.0050203	-0.99659	0.015541	-0.081051	0.77369	-0.15752	0.61367	0.35871	-0.20751	0.91009	62	5
1.2808	0.85794	0.74619	0.96454	-0.043802	-0.032694	-0.018143	0.0071736	0.086435	0.0050203	0.036628	-0.053741	0.013123	-0.99659	0.015541	-0.081051	0.35871	-0.20751	0.91009	0.77369	-0.15752	0.61367	62	6
0.50004	0.74163	1.5654	0.45108	0.022679	0.072128	-0.0078587	0.023936	-0.052144	0.024211	-0.046615	-0.019984	-0.016352	0.84315	0.15638	0.51443	0.53795	-0.18321	0.82283	-0.99108	-0.13104	-0.024199	64	3
1.3478	0.86713	0.4542	1.598	-0.046615	-0.019984	-0.016352	0.022679	0.072128	-0.0078587	0.023936	-0.052144	0.024211	-0.99108	-0.13104	-0.024199	0.84315	0.15638	0.51443	0.53795	-0.18321	0.82283	64	6
1.7088	1.192	3.0821	2.1937	0.023091	0.069986	-0.0074027	-0.019983	0.083862	-0.015778	-0.0022968	-0.056689	0.030383	0.81685	0.22737	0.53015	-0.97262	-0.2103	-0.09892	0.012358	-0.0059657	0.99991	65	2
1.1929	1.7027	3.0716	2.1891	-0.019983	0.083862	-0.015778	0.023091	0.069986	-0.0074027	-0.0022968	-0.056689	0.030383	-0.97262	-0.2103	-0.09892	0.81685	0.22737	0.53015	0.012358	-0.0059657	0.99991	65	5
1.2918	0.63449	1.262	0.96743	-0.019983	0.083862	-0.015778	-0.0022968	-0.056689	0.030383	0.023091	0.069986	-0.0074027	-0.97262	-0.2103	-0.09892	0.012358	-0.0059657	0.99991	0.81685	0.22737	0.53015	65	6
1.4358	1.1444	1.376	1.7707	0.036316	-0.054345	0.012578	-0.023792	0.063656	-0.013524	-0.02766	-0.011228	0.017403	0.77171	-0.17033	0.61274	-0.71692	0.69714	-0.0034524	-0.64002	-0.038275	0.7674	67	2
1.4659	1.1372	0.64164	0.097478	-0.02766	-0.011228	0.017403	-0.023792	0.063656	-0.013524	0.036316	-0.054345	0.012578	-0.64002	-0.038275	0.7674	-0.71692	0.69714	-0.0034524	0.77171	-0.17033	0.61274	67	4
1.0015	1.5913	1.3059	1.9754	-0.023792	0.063656	-0.013524	0.036316	-0.054345	0.012578	-0.02766	-0.011228	0.017403	-0.71692	0.69714	-0.0034524	0.77171	-0.17033	0.61274	-0.64002	-0.038275	0.7674	67	5
1.1497	1.2824	0.6254	0.79105	-0.023792	0.063656	-0.013524	-0.02766	-0.011228	0.017403	0.036316	-0.054345	0.012578	-0.71692	0.69714	-0.0034524	-0.64002	-0.038275	0.7674	0.77171	-0.17033	0.61274	67	6
1.4359	1.1442	1.3759	1.7709	0.036314	-0.054342	0.012576	-0.02379	0.063657	-0.013522	-0.027659	-0.01123	0.017404	0.77172	-0.17024	0.61276	-0.71695	0.69712	-0.0033026	-0.63999	-0.038294	0.76743	69	2
1.4659	1.1372	0.64171	0.097612	-0.027659	-0.01123	0.017404	-0.02379	0.063657	-0.013522	0.036314	-0.054342	0.012576	-0.63999	-0.038294	0.76743	-0.71695	0.69712	-0.0033026	0.77172	-0.17024	0.61276	69	4
1.001	1.5915	1.3057	1.9752	-0.02379	0.063657	-0.013522	0.036314	-0.054342	0.012576	-0.027659	-0.01123	0.017404	-0.71695	0.69712	-0.0033026	0.77172	-0.17024	0.61276	-0.63999	-0.038294	0.76743	69	5
1.15	1.2823	0.62519	0.79153	-0.02379	0.063657	-0.013522	-0.027659	-0.01123	0.017404	0.036314	-0.054342	0.012576	-0.71695	0.69712	-0.0033026	-0.63999	-0.038294	0.76743	0.77172	-0.17024	0.61276	69	6
0.90487	0.68226	0.87389	0.42307	0.023508	-0.047016	0.024209	0.021235	0.073437	-0.0060223	-0.044743	-0.026421	-0.018187	0.54524	-0.10008	0.83228	0.81635	0.095549	0.56959	-0.99213	-0.061893	-0.10889	70	2
0.47433	0.77301	1.5786	0.41281	0.021235	0.073437	-0.0060223	0.023508	-0.047016	0.024209	-0.044743	-0.026421	-0.018187	0.81635	0.095549	0.56959	0.54524	-0.10008	0.83228	-0.99213	-0.061893	-0.10889	70	5
0.71971	0.54211	1.5076	2.0446	0.031744	-0.058668	0.01651	0.027508	0.090452	-0.013973	-0.05894	0.015419	-0.012223	0.63263	-0.27797	0.72285	0.86339	-0.14777	0.48241	0.34532	-0.81341	-0.46809	71	2
1.627	0.5493	3.0733	0.13328	-0.05894	0.015419	-0.012223	0.027508	0.090452	-0.013973	0.031744	-0.058668	0.01651	0.34532	-0.81341	-0.46809	0.86339	-0.14777	0.48241	0.63263	-0.27797	0.72285	71	4
0.79611	0.46594	1.5173	2.0139	0.027508	0.090452	-0.013973	0.031744	-0.058668	0.01651	-0.05894	0.015419	-0.012223	0.86339	-0.14777	0.48241	0.63263	-0.27797	0.72285	0.34532	-0.81341	-0.46809	71	5
0.77216	1.7928	2.8966	0.68162	0.027508	0.090452	-0.013973	-0.05894	0.015419	-0.012223	0.031744	-0.058668	0.01651	0.86339	-0.14777	0.48241	0.34532	-0.81341	-0.46809	0.63263	-0.27797	0.72285	71	6
0.97767	0.5639	1.39	0.51474	0.0039584	0.085331	0.0042273	0.032844	-0.058743	0.015484	-0.028823	0.055421	-0.010595	0.14238	-0.21376	0.96646	0.65612	-0.28293	0.69961	-0.69005	0.64934	0.31965	72	3
0.85963	2.1913	0.02111	1.7833	0.0039584	0.085331	0.0042273	-0.028823	0.055421	-0.010595	0.032844	-0.058743	0.015484	0.14238	-0.21376	0.96646	-0.69005	0.64934	0.31965	0.65612	-0.28293	0.69961	72	4
2.7405	0.50202	2.9409	0.097809	-0.028823	0.055421	-0.010595	0.032844	-0.058743	0.015484	0.0039584	0.085331	0.0042273	-0.69005	0.64934	0.31965	0.65612	-0.28293	0.69961	0.14238	-0.21376	0.96646	72	5
2.0965	2.8605	0.11654	-0.077936	-0.028823	0.055421	-0.010595	0.0039584	0.085331	0.0042273	0.032844	-0.058743	0.015484	-0.69005	0.64934	0.31965	0.14238	-0.21376	0.96646	0.65612	-0.28293	0.69961	72	6
1.5528	0.85979	1.3086	1.4221	0.016736	-0.035865	0.02715	-0.019828	0.014962	-0.054915	-0.0039484	-0.013886	0.027619	0.3827	0.061656	0.92181	-0.50195	0.30117	-0.81077	-0.048856	0.0062679	0.99879	74	4
0.703	1.2418	0.15338	2.779	-0.019828	0.014962	-0.054915	-0.0039484	-0.013886	0.027619	0.016736	-0.035865	0.02715	-0.50195	0.30117	-0.81077	-0.048856	0.0062679	0.99879	0.3827	0.061656	0.92181	74	5
1.6082	1.4762	1.816	1.5424	-0.019828	0.014962	-0.054915	0.016736	-0.035865	0.02715	-0.0039484	-0.013886	0.027619	-0.50195	0.30117	-0.81077	0.3827	0.061656	0.92181	-0.048856	0.0062679	0.99879	74	6
0.92402	0.71502	0.84425	0.43819	0.02171	-0.047275	0.026417	0.021843	0.07096	-0.004941	-0.043553	-0.023685	-0.021476	0.49791	-0.11203	0.85996	0.78185	0.17531	0.59831	-0.97225	-0.081012	-0.21945	75	3
1.4177	0.88556	0.57356	1.5831	-0.043553	-0.023685	-0.021476	0.021843	0.07096	-0.004941	0.02171	-0.047275	0.026417	-0.97225	-0.081012	-0.21945	0.78185	0.17531	0.59831	0.49791	-0.11203	0.85996	75	5
1.0007	1.422	1.0263	0.19057	0.032399	-0.048305	0.015834	-0.0037436	-0.013932	0.027629	-0.038124	0.025906	-0.030631	0.70701	-0.084293	0.70216	-0.043071	0.0068823	0.99905	-0.86571	0.24301	-0.4376	76	3
1.349	0.9833	1.2357	1.5419	0.032399	-0.048305	0.015834	-0.038124	0.025906	-0.030631	-0.0037436	-0.013932	0.027629	0.70701	-0.084293	0.70216	-0.86571	0.24301	-0.4376	-0.043071	0.0068823	0.99905	76	4
1.3126	1.1849	0.92144	0.24741	-0.038124	0.025906	-0.030631	-0.0037436	-0.013932	0.027629	0.032399	-0.048305	0.015834	-0.86571	0.24301	-0.4376	-0.043071	0.0068823	0.99905	0.70701	-0.084293	0.70216	76	5
1.6592	1.4102	1.8485	1.6531	-0.038124	0.025906	-0.030631	0.032399	-0.048305	0.015834	-0.0037436	-0.013932	0.027629	-0.86571	0.24301	-0.4376	0.70701	-0.084293	0.70216	-0.043071	0.0068823	0.99905	76	6
1.4659	1.1372	0.64171	0.097627	-0.027659	-0.01123	0.017404	-0.02379	0.063657	-0.013522	0.036314	-0.054342	0.012576	-0.64	-0.038294	0.76742	-0.71695	0.69712	-0.0032917	0.77172	-0.17024	0.61276	79	2
1.24	1.4216	0.635	0.51683	0.036314	-0.054342	0.012576	-0.027659	-0.01123	0.017404	-0.02379	0.063657	-0.013522	0.77172	-0.17024	0.61276	-0.64	-0.038294	0.76742	-0.71695	0.69712	-0.0032917	79	3
1.4359	1.1442	1.3759	1.7709	0.036314	-0.054342	0.012576	-0.02379	0.063657	-0.013522	-0.027659	-0.01123	0.017404	0.77172	-0.17024	0.61276	-0.71695	0.69712	-0.0032917	-0.64	-0.038294	0.76742	79	4
1.15	1.2823	0.62518	0.79156	-0.02379	0.063657	-0.013522	-0.027659	-0.01123	0.017404	0.036314	-0.054342	0.012576	-0.71695	0.69712	-0.0032917	-0.64	-0.038294	0.76742	0.77172	-0.17024	0.61276	79	5
1.001	1.5915	1.3057	1.9752	-0.02379	0.063657	-0.013522	0.036314	-0.054342	0.012576	-0.027659	-0.01123	0.017404	-0.71695	0.69712	-0.0032917	0.77172	-0.17024	0.61276	-0.64	-0.038294	0.76742	79	6
0.94105	0.6829	0.85282	0.44895	0.024572	-0.051139	0.022903	0.020677	0.071349	-0.0071811	-0.045249	-0.02021	-0.015722	0.55672	-0.16457	0.81424	0.83346	0.16335	0.52788	-0.99494	-0.096886	-0.0266	82	2
0.5145	0.7494	1.5906	0.44811	0.020677	0.071349	-0.0071811	0.024572	-0.051139	0.022903	-0.045249	-0.02021	-0.015722	0.83346	0.16335	0.52788	0.55672	-0.16457	0.81424	-0.99494	-0.096886	-0.0266	82	5
0.9962	2.2089	0.68065	0.75823	0.020677	0.071349	-0.0071811	-0.045249	-0.02021	-0.015722	0.024572	-0.051139	0.022903	0.83346	0.16335	0.52788	-0.99494	-0.096886	-0.0266	0.55672	-0.16457	0.81424	82	6
2.7348	2.201	-0.024105	0.070231	-0.005888	0.089013	0.0033348	0.023783	0.070202	-0.0082064	-0.037801	-0.062173	-0.046908	-0.38139	-0.35125	0.85508	0.83043	0.22983	0.50751	-0.8601	-0.28234	-0.42487	83	3
1.3072	0.44075	0.91862	0.70133	-0.005888	0.089013	0.0033348	-0.037801	-0.062173	-0.046908	0.023783	0.070202	-0.0082064	-0.38139	-0.35125	0.85508	-0.8601	-0.28234	-0.42487	0.83043	0.22983	0.50751	83	4
1.3031	0.55552	0.82634	1.5143	0.036643	-0.053444	0.013207	-0.015673	0.09181	-0.020182	-0.036433	-0.041342	0.010178	0.77418	-0.14959	0.61504	-0.71446	-0.53182	-0.45465	-0.74792	0.00053359	0.66378	84	2
1.525	0.79169	2.9733	2.4505	-0.036433	-0.041342	0.010178	0.036643	-0.053444	0.013207	-0.015673	0.09181	-0.020182	-0.74792	0.00053359	0.66378	0.77418	-0.14959	0.61504	-0.71446	-0.53182	-0.45465	84	3
1.1099	0.475	1.0075	0.54282	-0.036433	-0.041342	0.010178	-0.015673	0.09181	-0.020182	0.036643	-0.053444	0.013207	-0.74792	0.00053359	0.66378	-0.71446	-0.53182	-0.45465	0.77418	-0.14959	0.61504	84	4
0.28379	2.0104	1.0803	1.7945	-0.015673	0.09181	-0.020182	0.036643	-0.053444	0.013207	-0.036433	-0.041342	0.010178	-0.71446	-0.53182	-0.45465	0.77418	-0.14959	0.61504	-0.74792	0.00053359	0.66378	84	5
0.47816	1.1717	1.138	0.54165	-0.015673	0.09181	-0.020182	-0.036433	-0.041342	0.010178	0.036643	-0.053444	0.013207	-0.71446	-0.53182	-0.45465	-0.74792	0.00053359	0.66378	0.77418	-0.14959	0.61504	84	6
1.4659	1.1372	0.64171	0.097623	-0.027659	-0.01123	0.017404	-0.02379	0.063657	-0.013522	0.036314	-0.054342	0.012576	-0.64	-0.038292	0.76742	-0.71695	0.69712	-0.0032946	0.77172	-0.17024	0.61276	86	2
1.24	1.4216	0.635	0.51683	0.036314	-0.054342	0.012576	-0.027659	-0.01123	0.017404	-0.02379	0.063657	-0.013522	0.77172	-0.17024	0.61276	-0.64	-0.038292	0.76742	-0.71695	0.69712	-0.0032946	86	3
1.4359	1.1442	1.3759	1.7709	0.036314	-0.054342	0.012576	-0.02379	0.063657	-0.013522	-0.027659	-0.01123	0.017404	0.77172	-0.17024	0.61276	-0.71695	0.69712	-0.0032946	-0.64	-0.038292	0.76742	86	4
1.15	1.2823	0.62518	0.79154	-0.02379	0.063657	-0.013522	-0.027659	-0.01123	0.017404	0.036314	-0.054342	0.012576	-0.71695	0.69712	-0.0032946	-0.64	-0.038292	0.76742	0.77172	-0.17024	0.61276	86	5
1.001	1.5915	1.3057	1.9752	-0.02379	0.063657	-0.013522	0.036314	-0.054342	0.012576	-0.027659	-0.01123	0.017404	-0.71695	0.69712	-0.0032946	0.77172	-0.17024	0.61276	-0.64	-0.038292	0.76742	86	6
1.1529	0.66708	0.82459	0.35384	-0.00061421	-0.024568	0.028526	0.024879	0.070527	-0.0078963	-0.043144	-0.038791	-0.026566	0.053111	0.012181	0.99851	0.82339	0.22429	0.52127	-0.94509	0.22766	-0.23449	87	2
1.2824	0.87257	0.83499	1.6219	-0.043144	-0.038791	-0.026566	0.024879	0.070527	-0.0078963	-0.00061421	-0.024568	0.028526	-0.94509	0.22766	-0.23449	0.82339	0.22429	0.52127	0.053111	0.012181	0.99851	87	4
0.64017	1.1679	1.2542	0.37046	0.024879	0.070527	-0.0078963	-0.00061421	-0.024568	0.028526	-0.043144	-0.038791	-0.026566	0.82339	0.22429	0.52127	0.053111	0.012181	0.99851	-0.94509	0.22766	-0.23449	87	5
0.49634	2.2022	1.1694	1.9524	0.024879	0.070527	-0.0078963	-0.043144	-0.038791	-0.026566	-0.00061421	-0.024568	0.028526	0.82339	0.22429	0.52127	-0.94509	0.22766	-0.23449	0.053111	0.012181	0.99851	87	6
1.4062	0.86617	0.59648	1.5959	-0.043297	-0.027735	-0.021483	0.023192	0.072496	-0.0060944	0.020105	-0.04476	0.027578	-0.97592	-0.026876	-0.21646	0.81203	0.14732	0.56472	0.45084	-0.057392	0.89076	89	6
0.13849	0.70343	1.6228	0.43644	0.027868	0.09177	-0.014467	0.018139	-0.050939	0.026775	-0.046007	-0.040831	-0.012308	0.86164	-0.17311	0.47709	0.44147	-0.14817	0.88496	-0.99248	-0.082073	0.090803	91	2
0.79628	0.40146	1.2051	0.43056	0.018139	-0.050939	0.026775	0.027868	0.09177	-0.014467	-0.046007	-0.040831	-0.012308	0.44147	-0.14817	0.88496	0.86164	-0.17311	0.47709	-0.99248	-0.082073	0.090803	91	5
0.68498	2.0424	-0.011349	2.0837	0.018139	-0.050939	0.026775	-0.046007	-0.040831	-0.012308	0.027868	0.09177	-0.014467	0.44147	-0.14817	0.88496	-0.99248	-0.082073	0.090803	0.86164	-0.17311	0.47709	91	6
1.001	1.5915	1.3057	1.9752	-0.02379	0.063657	-0.013522	0.036314	-0.054342	0.012576	-0.027659	-0.011229	0.017404	-0.71695	0.69712	-0.0033013	0.77172	-0.17025	0.61276	-0.64	-0.038291	0.76742	92	1
1.15	1.2823	0.6252	0.79151	-0.02379	0.063657	-0.013522	-0.027659	-0.011229	0.017404	0.036314	-0.054342	0.012576	-0.71695	0.69712	-0.0033013	-0.64	-0.038291	0.76742	0.77172	-0.17025	0.61276	92	2
1.24	1.4216	0.635	0.51682	0.036314	-0.054342	0.012576	-0.027659	-0.011229	0.017404	-0.02379	0.063657	-0.013522	0.77172	-0.17025	0.61276	-0.64	-0.038291	0.76742	-0.71695	0.69712	-0.0033013	92	4
1.4659	1.1372	0.6417	0.097618	-0.027659	-0.011229	0.017404	-0.02379	0.063657	-0.013522	0.036314	-0.054342	0.012576	-0.64	-0.038291	0.76742	-0.71695	0.69712	-0.0033013	0.77172	-0.17025	0.61276	92	5
0.8501	0.60917	1.0452	0.43483	0.027773	-0.055517	0.019742	0.02137	0.07175	-0.0049374	-0.049143	-0.016233	-0.014804	0.58895	-0.21692	0.77851	0.78467	0.14847	0.60187	-0.97429	-0.20355	0.096529	95	2
0.59395	0.81935	1.1094	0.44302	0.02137	0.07175	-0.0049374	0.027773	-0.055517	0.019742	-0.049143	-0.016233	-0.014804	0.78467	0.14847	0.60187	0.58895	-0.21692	0.77851	-0.97429	-0.20355	0.096529	95	5
1.4633	0.66403	0.97038	0.81982	-0.015297	0.088637	-0.012304	0.033814	-0.05854	0.014627	-0.03034	0.057925	-0.013367	-0.90299	-0.4057	0.14149	0.6802	-0.28083	0.6771	-0.69108	0.71804	0.082608	96	2
1.7468	0.25649	0.89332	1.3389	-0.03034	0.057925	-0.013367	0.033814	-0.05854	0.014627	-0.015297	0.088637	-0.012304	-0.69108	0.71804	0.082608	0.6802	-0.28083	0.6771	-0.90299	-0.4057	0.14149	96	4
0.62212	1.432	1.0206	0.8409	0.033814	-0.05854	0.014627	-0.015297	0.088637	-0.012304	-0.03034	0.057925	-0.013367	0.6802	-0.28083	0.6771	-0.90299	-0.4057	0.14149	-0.69108	0.71804	0.082608	96	5
0.40907	1.0191	1.0134	1.2189	0.033814	-0.05854	0.014627	-0.03034	0.057925	-0.013367	-0.015297	0.088637	-0.012304	0.6802	-0.28083	0.6771	-0.69108	0.71804	0.082608	-0.90299	-0.4057	0.14149	96	6
0.77084	1.5155	2.8054	2.4675	-0.016903	0.086415	-0.013561	-0.058935	0.015421	-0.012217	0.034736	-0.05805	0.013871	-0.94604	-0.31917	0.056023	0.38896	-0.8162	-0.42724	0.70597	-0.27077	0.65443	97	2
0.85957	2.3291	2.637	0.32562	0.034736	-0.05805	0.013871	-0.016903	0.086415	-0.013561	-0.058935	0.015421	-0.012217	0.70597	-0.27077	0.65443	-0.94604	-0.31917	0.056023	0.38896	-0.8162	-0.42724	97	3
0.68895	1.3779	0.87381	0.71261	0.034736	-0.05805	0.013871	-0.058935	0.015421	-0.012217	-0.016903	0.086415	-0.013561	0.70597	-0.27077	0.65443	0.38896	-0.8162	-0.42724	-0.94604	-0.31917	0.056023	97	4
1.5203	0.77512	2.8037	2.4501	-0.058935	0.015421	-0.012217	-0.016903	0.086415	-0.013561	0.034736	-0.05805	0.013871	0.38896	-0.8162	-0.42724	-0.94604	-0.31917	0.056023	0.70597	-0.27077	0.65443	97	5
1.3541	0.70078	0.77298	0.6711	-0.058935	0.015421	-0.012217	0.034736	-0.05805	0.013871	-0.016903	0.086415	-0.013561	0.38896	-0.8162	-0.42724	0.70597	-0.27077	0.65443	-0.94604	-0.31917	0.056023	97	6
1.177	1.2139	0.95852	0.29202	-0.032253	0.038688	-0.038861	-0.0038943	-0.013898	0.027622	0.030995	-0.047537	0.017277	-0.72794	0.46683	-0.50216	-0.047312	0.0064126	0.99886	0.68112	-0.080656	0.72771	98	3
1.5474	1.385	1.8006	1.6439	-0.032253	0.038688	-0.038861	0.030995	-0.047537	0.017277	-0.0038943	-0.013898	0.027622	-0.72794	0.46683	-0.50216	0.68112	-0.080656	0.72771	-0.047312	0.0064126	0.99886	98	4
0.98579	1.3856	0.94933	0.18687	0.030995	-0.047537	0.017277	-0.0038943	-0.013898	0.027622	-0.032253	0.038688	-0.038861	0.68112	-0.080656	0.72771	-0.047312	0.0064126	0.99886	-0.72794	0.46683	-0.50216	98	5
1.3641	0.87517	1.2233	1.522	0.030995	-0.047537	0.017277	-0.032253	0.038688	-0.038861	-0.0038943	-0.013898	0.027622	0.68112	-0.080656	0.72771	-0.72794	0.46683	-0.50216	-0.047312	0.0064126	0.99886	98	6
1.2116	1.815	1.5958	1.7351	0.024699	0.070388	-0.0075562	-0.043225	-0.021951	-0.030831	-0.02165	0.0028916	0.021745	0.81709	0.22553	0.53057	-0.91993	-0.10962	-0.37645	-0.52661	0.044072	0.84897	99	2
1.6191	0.67532	0.63824	0.42017	-0.02165	0.0028916	0.021745	0.024699	0.070388	-0.0075562	-0.043225	-0.021951	-0.030831	-0.52661	0.044072	0.84897	0.81709	0.22553	0.53057	-0.91993	-0.10962	-0.37645	99	3
1.4648	0.63131	0.68432	0.28558	-0.02165	0.0028916	0.021745	-0.043225	-0.021951	-0.030831	0.024699	0.070388	-0.0075562	-0.52661	0.044072	0.84897	-0.91993	-0.10962	-0.37645	0.81709	0.22553	0.53057	99	4
1.3275	0.99925	1.0726	1.5498	-0.043225	-0.021951	-0.030831	0.024699	0.070388	-0.0075562	-0.02165	0.0028916	0.021745	-0.91993	-0.10962	-0.37645	0.81709	0.22553	0.53057	-0.52661	0.044072	0.84897	99	5
1.0328	1.5243	0.77259	0.32103	-0.043225	-0.021951	-0.030831	-0.02165	0.0028916	0.021745	0.024699	0.070388	-0.0075562	-0.91993	-0.10962	-0.37645	-0.52661	0.044072	0.84897	0.81709	0.22553	0.53057	99	6
