0.030482	0.53141	1.993	0.8728	0.0015979	-0.11111	0.021629	0.017517	0.080929	-0.01556	-0.019115	0.030185	-0.0060688	0.25693	-0.831	0.49339	0.86645	-0.47493	0.15397	-0.92894	0.36626	-0.054055	1	2
0.38691	0.075612	2.0638	0.83726	0.017517	0.080929	-0.01556	0.0015979	-0.11111	0.021629	-0.019115	0.030185	-0.0060688	0.86645	-0.47493	0.15397	0.25693	-0.831	0.49339	-0.92894	0.36626	-0.054055	1	5
2.0062	0.81282	2.9243	2.2326	-0.027047	-0.018017	0.0022467	0.038548	-0.060958	-0.0033044	-0.011501	0.078975	0.0010577	-0.77907	0.59317	0.20299	0.87758	-0.031146	0.47841	-0.91942	-0.23109	0.31823	3	1
0.80463	2.0002	2.9197	2.2515	0.038548	-0.060958	-0.0033044	-0.027047	-0.018017	0.0022467	-0.011501	0.078975	0.0010577	0.87758	-0.031146	0.47841	-0.77907	0.59317	0.20299	-0.91942	-0.23109	0.31823	3	3
1.0367	0.839	1.0503	1.5594	0.038548	-0.060958	-0.0033044	-0.011501	0.078975	0.0010577	-0.027047	-0.018017	0.0022467	0.87758	-0.031146	0.47841	-0.91942	-0.23109	0.31823	-0.77907	0.59317	0.20299	3	4
0.62961	1.324	1.0181	0.33393	-0.011501	0.078975	0.0010577	-0.027047	-0.018017	0.0022467	0.038548	-0.060958	-0.0033044	-0.91942	-0.23109	0.31823	-0.77907	0.59317	0.20299	0.87758	-0.031146	0.47841	3	5
1.253	2.8499	2.7137	0.12932	-0.011501	0.078975	0.0010577	0.038548	-0.060958	-0.0033044	-0.027047	-0.018017	0.0022467	-0.91942	-0.23109	0.31823	0.87758	-0.031146	0.47841	-0.77907	0.59317	0.20299	3	6
1.1955	1.5976	0.97504	1.277	0.032413	-0.033455	-0.034707	-0.013934	0.039194	0.011478	-0.018479	-0.0057389	0.023229	0.7625	-0.062272	-0.64399	-0.55558	-0.0075667	0.83143	-0.63252	0.072945	0.7711	4	4
1.0821	1.2518	1.142	0.19433	-0.013934	0.039194	0.011478	-0.018479	-0.0057389	0.023229	0.032413	-0.033455	-0.034707	-0.55558	-0.0075667	0.83143	-0.63252	0.072945	0.7711	0.7625	-0.062272	-0.64399	4	5
1.4861	0.97826	1.348	1.352	-0.013934	0.039194	0.011478	0.032413	-0.033455	-0.034707	-0.018479	-0.0057389	0.023229	-0.55558	-0.0075667	0.83143	0.7625	-0.062272	-0.64399	-0.63252	0.072945	0.7711	4	6
0.1543	0.60812	1.9605	0.88032	0.032747	-0.10091	-0.01108	-0.0087251	0.08241	0.0017916	-0.024022	0.018504	0.0092882	0.90253	-0.032752	0.42938	0.26205	-0.87552	0.40596	-0.84317	0.41038	0.34735	5	4
0.32233	0.83107	1.777	0.84674	0.043032	-0.094556	-0.010768	-0.02685	0.066053	0.022425	-0.016181	0.028504	-0.011657	0.90181	0.029858	0.43111	0.54298	-0.67828	-0.49509	-0.88949	0.35595	-0.28654	6	2
0.91756	0.18282	1.9629	0.78716	-0.02685	0.066053	0.022425	0.043032	-0.094556	-0.010768	-0.016181	0.028504	-0.011657	0.54298	-0.67828	-0.49509	0.90181	0.029858	0.43111	-0.88949	0.35595	-0.28654	6	5
0.077418	2.97	0.48194	1.8307	-0.02685	0.066053	0.022425	-0.016181	0.028504	-0.011657	0.043032	-0.094556	-0.010768	0.54298	-0.67828	-0.49509	-0.88949	0.35595	-0.28654	0.90181	0.029858	0.43111	6	6
1.5671	0.78901	1.0561	1.0752	0.032829	-0.015947	-0.0087599	-0.0018459	0.062316	-0.024211	-0.030983	-0.046369	0.032971	0.96201	0.033325	0.27098	-0.47625	0.52992	-0.70169	-0.63771	0.015187	0.77013	7	2
0.7734	1.4637	1.2244	0.88757	-0.030983	-0.046369	0.032971	0.032829	-0.015947	-0.0087599	-0.0018459	0.062316	-0.024211	-0.63771	0.015187	0.77013	0.96201	0.033325	0.27098	-0.47625	0.52992	-0.70169	7	3
1.3287	1.1409	0.45262	0.75337	-0.030983	-0.046369	0.032971	-0.0018459	0.062316	-0.024211	0.032829	-0.015947	-0.0087599	-0.63771	0.015187	0.77013	-0.47625	0.52992	-0.70169	0.96201	0.033325	0.27098	7	4
0.80247	1.5435	1.091	1.0309	-0.0018459	0.062316	-0.024211	0.032829	-0.015947	-0.0087599	-0.030983	-0.046369	0.032971	-0.47625	0.52992	-0.70169	0.96201	0.033325	0.27098	-0.63771	0.015187	0.77013	7	5
1.1673	1.3494	0.43079	0.75561	-0.0018459	0.062316	-0.024211	-0.030983	-0.046369	0.032971	0.032829	-0.015947	-0.0087599	-0.47625	0.52992	-0.70169	-0.63771	0.015187	0.77013	0.96201	0.033325	0.27098	7	6
0.27288	0.65907	1.9883	0.75777	0.037407	-0.083583	-0.023785	-0.015964	0.072274	0.008949	-0.021443	0.011309	0.014836	0.99902	0.02028	-0.039249	0.55465	-0.69879	0.45172	-0.78683	0.22141	0.57609	8	4
1.5109	0.97984	0.46886	1.3173	0.016688	-0.033654	0.032239	-0.011985	-0.053832	-0.039392	-0.0047026	0.087487	0.0071533	0.6499	-0.090461	0.75461	-0.57567	-0.14263	-0.80515	0.29406	-0.62194	0.72575	9	1
0.47027	1.0331	1.2514	0.45145	-0.0047026	0.087487	0.0071533	0.016688	-0.033654	0.032239	-0.011985	-0.053832	-0.039392	0.29406	-0.62194	0.72575	0.6499	-0.090461	0.75461	-0.57567	-0.14263	-0.80515	9	5
1.2177	3.1205	3.1186	0.23448	-0.0047026	0.087487	0.0071533	-0.011985	-0.053832	-0.039392	0.016688	-0.033654	0.032239	0.29406	-0.62194	0.72575	-0.57567	-0.14263	-0.80515	0.6499	-0.090461	0.75461	9	6
0.062637	0.38652	2.1832	0.83736	0.041002	-0.095679	-0.012176	-0.014336	0.087934	0.0087218	-0.026666	0.0077456	0.0034543	0.91171	0.019527	0.41037	0.40009	-0.69902	0.5927	-0.97642	0.13081	0.17175	10	2
0.67246	0.29035	1.7292	0.88501	-0.014336	0.087934	0.0087218	0.041002	-0.095679	-0.012176	-0.026666	0.0077456	0.0034543	0.40009	-0.69902	0.5927	0.91171	0.019527	0.41037	-0.97642	0.13081	0.17175	10	5
0.38266	2.6882	0.92469	2.2325	0.039552	-0.05632	-0.0048586	-0.026724	-0.01098	-0.0044878	-0.012828	0.0673	0.0093464	0.89485	-0.034995	0.44499	-0.97511	0.032923	0.21927	-0.086771	0.15242	0.9845	12	3
1.164	0.89554	1.5502	0.71801	0.039552	-0.05632	-0.0048586	-0.012828	0.0673	0.0093464	-0.026724	-0.01098	-0.0044878	0.89485	-0.034995	0.44499	-0.086771	0.15242	0.9845	-0.97511	0.032923	0.21927	12	4
0.9976	0.5946	0.45899	2.1084	-0.012828	0.0673	0.0093464	-0.026724	-0.01098	-0.0044878	0.039552	-0.05632	-0.0048586	-0.086771	0.15242	0.9845	-0.97511	0.032923	0.21927	0.89485	-0.034995	0.44499	12	5
0.80607	0.75753	1.5623	0.79855	-0.012828	0.0673	0.0093464	0.039552	-0.05632	-0.0048586	-0.026724	-0.01098	-0.0044878	-0.086771	0.15242	0.9845	0.89485	-0.034995	0.44499	-0.97511	0.032923	0.21927	12	6
1.1133	0.90833	1.3008	0.41001	0.024168	-0.026683	0.024392	0.0050735	0.060158	0.0012805	-0.029241	-0.033475	-0.025672	0.7946	0.037058	0.606	0.31949	0.38909	0.86402	-0.73448	0.10979	-0.6697	13	3
1.4209	1.2817	0.91644	1.347	0.024168	-0.026683	0.024392	-0.029241	-0.033475	-0.025672	0.0050735	0.060158	0.0012805	0.7946	0.037058	0.606	-0.73448	0.10979	-0.6697	0.31949	0.38909	0.86402	13	4
1.3666	1.2489	0.90909	1.1748	-0.029241	-0.033475	-0.025672	0.0050735	0.060158	0.0012805	0.024168	-0.026683	0.024392	-0.73448	0.10979	-0.6697	0.31949	0.38909	0.86402	0.7946	0.037058	0.606	13	5
0.5577	1.1449	0.021417	2.29	-0.029241	-0.033475	-0.025672	0.024168	-0.026683	0.024392	0.0050735	0.060158	0.0012805	-0.73448	0.10979	-0.6697	0.7946	0.037058	0.606	0.31949	0.38909	0.86402	13	6
0.38817	0.55389	1.9356	0.72592	-0.039571	-0.076676	0.009703	0.0070218	0.078935	-0.015728	0.03255	-0.0022588	0.0060251	-0.99751	0.060863	0.035519	-0.69684	-0.71642	0.033966	0.91557	-0.03478	0.40065	14	2
0.6756	0.62412	1.542	0.81601	0.0070218	0.078935	-0.015728	-0.039571	-0.076676	0.009703	0.03255	-0.0022588	0.0060251	-0.69684	-0.71642	0.033966	-0.99751	0.060863	0.035519	0.91557	-0.03478	0.40065	14	5
1.098	1.5037	1.1167	1.4044	0.032743	-0.02735	-0.033766	-0.021809	0.031934	0.0048531	-0.010935	-0.0045837	0.028913	0.78071	-0.017484	-0.62465	-0.84356	0.37929	0.38019	-0.29494	0.1746	0.93943	15	2
1.3072	1.2276	0.33976	0.2683	-0.010935	-0.0045837	0.028913	-0.021809	0.031934	0.0048531	0.032743	-0.02735	-0.033766	-0.29494	0.1746	0.93943	-0.84356	0.37929	0.38019	0.78071	-0.017484	-0.62465	15	4
1.5059	1.007	1.381	1.2915	-0.021809	0.031934	0.0048531	0.032743	-0.02735	-0.033766	-0.010935	-0.0045837	0.028913	-0.84356	0.37929	0.38019	0.78071	-0.017484	-0.62465	-0.29494	0.1746	0.93943	15	5
0.96152	2.5201	1.5753	1.8882	0.029023	-0.042917	0.0026368	-0.030623	0.0050889	-0.011635	0.0016	0.037828	0.0089982	0.88605	-0.10393	0.45179	-0.94539	0.21571	-0.24435	-0.060508	0.50589	0.86048	16	3
1.0772	1.3456	1.3619	0.47784	0.029023	-0.042917	0.0026368	0.0016	0.037828	0.0089982	-0.030623	0.0050889	-0.011635	0.88605	-0.10393	0.45179	-0.060508	0.50589	0.86048	-0.94539	0.21571	-0.24435	16	4
1.0991	1.1945	1.4754	0.83621	0.0016	0.037828	0.0089982	-0.030623	0.0050889	-0.011635	0.029023	-0.042917	0.0026368	-0.060508	0.50589	0.86048	-0.94539	0.21571	-0.24435	0.88605	-0.10393	0.45179	16	5
1.4256	1.9193	0.92778	0.71884	0.029398	-0.029168	-0.038441	-0.013473	0.026293	0.015418	-0.015925	0.0028746	0.023023	0.6386	-0.015242	-0.76939	-0.49633	0.61276	0.61496	-0.52882	0.00031251	0.84873	17	4
1.3721	1.4529	0.90544	0.26433	-0.013473	0.026293	0.015418	-0.015925	0.0028746	0.023023	0.029398	-0.029168	-0.038441	-0.49633	0.61276	0.61496	-0.52882	0.00031251	0.84873	0.6386	-0.015242	-0.76939	17	5
1.5916	0.88397	1.4916	1.2451	-0.013473	0.026293	0.015418	0.029398	-0.029168	-0.038441	-0.015925	0.0028746	0.023023	-0.49633	0.61276	0.61496	0.6386	-0.015242	-0.76939	-0.52882	0.00031251	0.84873	17	6
1.0958	1.3719	0.96982	1.5596	0.0027961	-0.037904	-0.045936	-0.0053722	0.046952	0.014351	0.0025761	-0.0090481	0.031585	-0.1072	0.073143	-0.99154	-0.043883	0.097905	0.99423	0.13438	0.38277	0.91402	18	2
1.2766	1.0555	1.0761	0.28813	0.0025761	-0.0090481	0.031585	-0.0053722	0.046952	0.014351	0.0027961	-0.037904	-0.045936	0.13438	0.38277	0.91402	-0.043883	0.097905	0.99423	-0.1072	0.073143	-0.99154	18	4
1.3954	1.0148	1.2743	1.3801	-0.0053722	0.046952	0.014351	0.0027961	-0.037904	-0.045936	0.0025761	-0.0090481	0.031585	-0.043883	0.097905	0.99423	-0.1072	0.073143	-0.99154	0.13438	0.38277	0.91402	18	5
0.90951	0.99891	1.4127	1.32	-0.034232	0.068702	0.029243	0.018109	-0.055546	-0.050306	0.016123	-0.013156	0.021063	-0.79699	-0.14362	0.58668	0.46665	-0.0058667	-0.88442	0.54699	0.17254	0.81917	19	2
1.6494	0.28612	1.376	0.64627	0.016123	-0.013156	0.021063	-0.034232	0.068702	0.029243	0.018109	-0.055546	-0.050306	0.54699	0.17254	0.81917	-0.79699	-0.14362	0.58668	0.46665	-0.0058667	-0.88442	19	3
1.7703	0.49718	1.0485	0.86252	0.016123	-0.013156	0.021063	0.018109	-0.055546	-0.050306	-0.034232	0.068702	0.029243	0.54699	0.17254	0.81917	0.46665	-0.0058667	-0.88442	-0.79699	-0.14362	0.58668	19	4
1.0322	0.89134	1.33	1.3763	0.018109	-0.055546	-0.050306	-0.034232	0.068702	0.029243	0.016123	-0.013156	0.021063	0.46665	-0.0058667	-0.88442	-0.79699	-0.14362	0.58668	0.54699	0.17254	0.81917	19	5
1.1729	1.8419	0.31108	0.5202	0.018109	-0.055546	-0.050306	0.016123	-0.013156	0.021063	-0.034232	0.068702	0.029243	0.46665	-0.0058667	-0.88442	0.54699	0.17254	0.81917	-0.79699	-0.14362	0.58668	19	6
1.5753	1.1795	1.245	1.3858	0.024912	-0.011732	0.012655	-0.024591	-0.011578	-0.032389	-0.00032033	0.02331	0.019735	0.81646	-0.048856	0.57533	-0.72752	0.24429	-0.64112	-0.061488	0.54238	0.83788	20	2
1.3834	1.0048	1.6837	1.0201	-0.00032033	0.02331	0.019735	-0.024591	-0.011578	-0.032389	0.024912	-0.011732	0.012655	-0.061488	0.54238	0.83788	-0.72752	0.24429	-0.64112	0.81646	-0.048856	0.57533	20	4
1.7572	1.9304	1.9382	1.6218	-0.024591	-0.011578	-0.032389	0.024912	-0.011732	0.012655	-0.00032033	0.02331	0.019735	-0.72752	0.24429	-0.64112	0.81646	-0.048856	0.57533	-0.061488	0.54238	0.83788	20	5
1.5029	1.7982	0.97141	0.57565	-0.024591	-0.011578	-0.032389	-0.00032033	0.02331	0.019735	0.024912	-0.011732	0.012655	-0.72752	0.24429	-0.64112	-0.061488	0.54238	0.83788	0.81646	-0.048856	0.57533	20	6
1.7082	0.97391	1.043	1.4617	-0.025894	0.0039422	-0.012127	0.035176	-0.040457	0.0046226	-0.0092826	0.036515	0.0075045	-0.9443	0.17875	-0.2763	0.88331	-0.040621	0.46702	-0.60855	0.32839	0.72237	21	1
1.2976	2.2178	1.7689	1.7788	0.035176	-0.040457	0.0046226	-0.025894	0.0039422	-0.012127	-0.0092826	0.036515	0.0075045	0.88331	-0.040621	0.46702	-0.9443	0.17875	-0.2763	-0.60855	0.32839	0.72237	21	3
1.2138	1.562	1.2181	0.59683	0.035176	-0.040457	0.0046226	-0.0092826	0.036515	0.0075045	-0.025894	0.0039422	-0.012127	0.88331	-0.040621	0.46702	-0.60855	0.32839	0.72237	-0.9443	0.17875	-0.2763	21	4
2.2814	1.7326	1.2155	1.1132	-0.0092826	0.036515	0.0075045	-0.025894	0.0039422	-0.012127	0.035176	-0.040457	0.0046226	-0.60855	0.32839	0.72237	-0.9443	0.17875	-0.2763	0.88331	-0.040621	0.46702	21	5
1.5301	0.84359	1.2928	0.92143	-0.0092826	0.036515	0.0075045	0.035176	-0.040457	0.0046226	-0.025894	0.0039422	-0.012127	-0.60855	0.32839	0.72237	0.88331	-0.040621	0.46702	-0.9443	0.17875	-0.2763	21	6
1.0086	1.19	1.0976	1.3839	0.025538	-0.061248	-0.037207	-0.017886	0.068249	0.007731	-0.007652	-0.0070008	0.029476	0.57871	-0.053987	-0.81374	-0.47307	-0.39278	0.78863	-0.18401	0.27296	0.94426	22	2
1.4343	0.9008	0.79047	0.375	-0.007652	-0.0070008	0.029476	-0.017886	0.068249	0.007731	0.025538	-0.061248	-0.037207	-0.18401	0.27296	0.94426	-0.47307	-0.39278	0.78863	0.57871	-0.053987	-0.81374	22	4
1.1192	0.89393	1.3616	1.3571	-0.017886	0.068249	0.007731	0.025538	-0.061248	-0.037207	-0.007652	-0.0070008	0.029476	-0.47307	-0.39278	0.78863	0.57871	-0.053987	-0.81374	-0.18401	0.27296	0.94426	22	5
0.10692	2.8015	0.67363	2.0034	-0.022156	-0.063352	0.030573	0.03778	-0.0093634	-0.035305	-0.015624	0.072715	0.0047317	-0.40394	-0.071647	0.91198	0.79742	0.20749	-0.56663	-0.7311	0.34648	0.58774	23	3
0.62109	0.65606	1.5383	0.56555	-0.022156	-0.063352	0.030573	-0.015624	0.072715	0.0047317	0.03778	-0.0093634	-0.035305	-0.40394	-0.071647	0.91198	-0.7311	0.34648	0.58774	0.79742	0.20749	-0.56663	23	4
1.0102	0.63514	1.5602	0.56096	0.012431	0.044981	0.00010374	0.0062662	-0.073616	0.022674	-0.018697	0.028634	-0.022778	0.64813	0.41251	0.64013	0.64121	-0.020444	0.7671	-0.89367	0.083451	-0.4409	24	3
0.89968	2.1836	0.50549	2.0826	-0.026325	-0.042696	0.029725	0.035938	-0.036576	-0.030561	-0.0096134	0.079272	0.00083617	-0.60359	0.057552	0.79521	0.88362	-0.081485	-0.46107	0.058368	0.12439	0.99052	25	3
0.81802	0.57613	1.4127	0.4792	-0.026325	-0.042696	0.029725	-0.0096134	0.079272	0.00083617	0.035938	-0.036576	-0.030561	-0.60359	0.057552	0.79521	0.058368	0.12439	0.99052	0.88362	-0.081485	-0.46107	25	4
1.2935	3.028	3.2393	0.14171	-0.0096134	0.079272	0.00083617	0.035938	-0.036576	-0.030561	-0.026325	-0.042696	0.029725	0.058368	0.12439	0.99052	0.88362	-0.081485	-0.46107	-0.60359	0.057552	0.79521	25	5
1.7367	0.89533	1.0479	1.3992	-0.024293	-0.0074421	0.01348	0.039818	-0.032375	-0.024066	-0.015525	0.039817	0.010586	-0.87617	-0.058387	0.47845	0.98898	-0.06164	-0.1346	-0.57567	-0.10268	0.81121	26	1
1.3242	1.6813	1.0581	0.7261	0.039818	-0.032375	-0.024066	-0.015525	0.039817	0.010586	-0.024293	-0.0074421	0.01348	0.98898	-0.06164	-0.1346	-0.57567	-0.10268	0.81121	-0.87617	-0.058387	0.47845	26	4
1.1228	1.3531	1.0534	0.26767	-0.015525	0.039817	0.010586	-0.024293	-0.0074421	0.01348	0.039818	-0.032375	-0.024066	-0.57567	-0.10268	0.81121	-0.87617	-0.058387	0.47845	0.98898	-0.06164	-0.1346	26	5
1.3758	0.93823	1.4191	1.2319	-0.015525	0.039817	0.010586	0.039818	-0.032375	-0.024066	-0.024293	-0.0074421	0.01348	-0.57567	-0.10268	0.81121	0.98898	-0.06164	-0.1346	-0.87617	-0.058387	0.47845	26	6
1.2667	1.527	1.2885	1.3901	0.03528	0.0035893	-0.021967	-0.029876	-0.0040421	-0.0046429	-0.0054042	0.00045283	0.02661	0.96469	0.19	-0.18239	-0.99751	0.036819	0.060127	-0.14354	-0.024983	0.98933	27	4
1.5659	1.6764	0.90233	0.39541	-0.029876	-0.0040421	-0.0046429	-0.0054042	0.00045283	0.02661	0.03528	0.0035893	-0.021967	-0.99751	0.036819	0.060127	-0.14354	-0.024983	0.98933	0.96469	0.19	-0.18239	27	5
1.5546	1.193	1.3482	1.3383	-0.029876	-0.0040421	-0.0046429	0.03528	0.0035893	-0.021967	-0.0054042	0.00045283	0.02661	-0.99751	0.036819	0.060127	0.96469	0.19	-0.18239	-0.14354	-0.024983	0.98933	27	6
1.0198	1.1619	1.3369	0.97335	0.039556	-0.062201	-0.0053806	-0.014529	0.075127	0.0035682	-0.025027	-0.012926	0.0018124	0.88974	-0.022296	0.45592	-0.2678	0.91448	-0.30334	-0.92974	0.10858	0.35184	28	2
0.84035	0.85838	1.5447	1.2295	-0.014529	0.075127	0.0035682	0.039556	-0.062201	-0.0053806	-0.025027	-0.012926	0.0018124	-0.2678	0.91448	-0.30334	0.88974	-0.022296	0.45592	-0.92974	0.10858	0.35184	28	5
0.94657	1.6866	0.6232	0.47651	-0.014529	0.075127	0.0035682	-0.025027	-0.012926	0.0018124	0.039556	-0.062201	-0.0053806	-0.2678	0.91448	-0.30334	-0.92974	0.10858	0.35184	0.88974	-0.022296	0.45592	28	6
1.0608	1.4352	1.1033	1.0756	0.019416	0.020917	-0.041809	-0.018235	0.029144	0.011055	-0.0011807	-0.050061	0.030755	0.45168	0.21878	-0.86494	-0.64121	0.57471	0.50849	0.46624	-0.25613	0.84677	29	2
1.3152	1.7216	0.75381	0.62969	-0.0011807	-0.050061	0.030755	-0.018235	0.029144	0.011055	0.019416	0.020917	-0.041809	0.46624	-0.25613	0.84677	-0.64121	0.57471	0.50849	0.45168	0.21878	-0.86494	29	4
1.4487	1.0286	1.1983	1.0308	-0.018235	0.029144	0.011055	0.019416	0.020917	-0.041809	-0.0011807	-0.050061	0.030755	-0.64121	0.57471	0.50849	0.45168	0.21878	-0.86494	0.46624	-0.25613	0.84677	29	5
1.4071	1.7699	0.88966	0.74587	-0.009426	-0.0236	-0.044972	0.002862	0.03606	0.013995	0.0065641	-0.01246	0.030977	-0.42506	0.12732	-0.89617	0.024839	0.52178	0.85272	0.24372	0.4549	0.85655	30	2
1.5791	1.0534	1.1244	0.90941	0.0065641	-0.01246	0.030977	-0.009426	-0.0236	-0.044972	0.002862	0.03606	0.013995	0.24372	0.4549	0.85655	-0.42506	0.12732	-0.89617	0.024839	0.52178	0.85272	30	3
1.1693	1.1392	1.1301	0.24094	0.0065641	-0.01246	0.030977	0.002862	0.03606	0.013995	-0.009426	-0.0236	-0.044972	0.24372	0.4549	0.85655	0.024839	0.52178	0.85272	-0.42506	0.12732	-0.89617	30	4
0.55475	0.50883	1.9012	0.64617	0.016981	-0.065063	0.022502	0.011219	0.077404	-0.0094545	-0.0282	-0.012341	-0.013047	0.71059	-0.075191	0.69957	0.81891	-0.26489	0.50914	-0.96447	0.25267	-0.077211	31	2
0.38912	0.55351	1.9862	0.58212	0.011219	0.077404	-0.0094545	0.016981	-0.065063	0.022502	-0.0282	-0.012341	-0.013047	0.81891	-0.26489	0.50914	0.71059	-0.075191	0.69957	-0.96447	0.25267	-0.077211	31	5
1.0744	1.5105	0.33664	1.2301	0.00074384	0.047293	-0.037208	-0.0057859	0.042865	0.0079142	0.0050421	-0.090158	0.029294	-0.14048	0.27686	-0.95059	-0.26744	0.0078701	0.96354	0.62815	0.039992	0.77706	32	2
1.4298	1.7656	0.44766	1.642	-0.0057859	0.042865	0.0079142	0.00074384	0.047293	-0.037208	0.0050421	-0.090158	0.029294	-0.26744	0.0078701	0.96354	-0.14048	0.27686	-0.95059	0.62815	0.039992	0.77706	32	5
0.88629	0.76226	1.4445	1.2258	0.029319	-0.069243	-0.036114	-0.018475	0.086393	0.0097788	-0.010845	-0.017151	0.026335	0.5814	0.090597	-0.80855	-0.78698	-0.6122	0.076604	-0.36552	0.67777	0.63798	33	2
0.74952	0.86437	1.5509	1.1619	-0.018475	0.086393	0.0097788	0.029319	-0.069243	-0.036114	-0.010845	-0.017151	0.026335	-0.78698	-0.6122	0.076604	0.5814	0.090597	-0.80855	-0.36552	0.67777	0.63798	33	5
0.93091	1.7688	0.43449	0.55371	-0.018475	0.086393	0.0097788	-0.010845	-0.017151	0.026335	0.029319	-0.069243	-0.036114	-0.78698	-0.6122	0.076604	-0.36552	0.67777	0.63798	0.5814	0.090597	-0.80855	33	6
0.45105	-0.083666	1.8895	0.88857	-0.011668	0.079156	0.0014812	0.027096	-0.12339	0.0037767	-0.015428	0.044235	-0.0052579	0.63723	-0.76582	-0.086406	0.70605	-0.50312	0.49836	-0.99104	-0.093305	0.095606	34	5
1.5174	1.8911	1.9767	1.5559	0.030353	-0.042301	-0.034041	-0.024566	0.012524	0.013378	-0.0057868	0.029777	0.020664	0.75617	-0.10583	-0.64576	-0.84436	0.23925	0.47939	-0.2117	0.53817	0.81582	35	2
1.3723	1.4676	0.79111	0.29067	-0.0057868	0.029777	0.020664	-0.024566	0.012524	0.013378	0.030353	-0.042301	-0.034041	-0.2117	0.53817	0.81582	-0.84436	0.23925	0.47939	0.75617	-0.10583	-0.64576	35	4
1.7477	0.82576	1.2447	1.3364	-0.024566	0.012524	0.013378	0.030353	-0.042301	-0.034041	-0.0057868	0.029777	0.020664	-0.84436	0.23925	0.47939	0.75617	-0.10583	-0.64576	-0.2117	0.53817	0.81582	35	5
0.33596	0.19161	1.68	1.1102	0.011513	-0.10717	0.029982	0.015346	0.11787	-0.013742	-0.026859	-0.010696	-0.01624	0.79095	-0.0026485	0.61187	0.19382	0.91849	0.34467	-0.95273	0.20493	-0.2243	37	4
0.44854	0.52106	2.0117	0.62345	0.040479	-0.061064	-0.0078119	-0.014102	0.072709	0.0093711	-0.026377	-0.011645	-0.0015592	0.90779	-0.016603	0.41909	0.68441	-0.36178	0.63301	-0.95703	0.039511	0.2873	38	4
0.14847	0.54746	2.0221	0.8585	0.037515	-0.098126	-0.0091121	-0.010825	0.083201	0.0042011	-0.02669	0.014925	0.0049109	0.88288	0.0014048	0.46959	0.49801	-0.82677	0.26161	-0.93226	0.31051	0.18568	39	2
0.51823	0.32315	1.9238	0.93548	-0.010825	0.083201	0.0042011	0.037515	-0.098126	-0.0091121	-0.02669	0.014925	0.0049109	0.49801	-0.82677	0.26161	0.88288	0.0014048	0.46959	-0.93226	0.31051	0.18568	39	5
0.40132	0.50306	2.1041	0.74608	0.042671	-0.06278	-0.031137	-0.028948	0.073186	0.025573	-0.021587	-0.011297	0.009359	0.89596	0.10153	-0.43238	0.36361	0.45131	-0.81493	-0.89596	-0.10153	0.43238	40	2
0.50907	0.56702	1.9822	0.83424	-0.028948	0.073186	0.025573	0.042671	-0.06278	-0.031137	-0.021587	-0.011297	0.009359	0.36361	0.45131	-0.81493	0.89596	0.10153	-0.43238	-0.89596	-0.10153	0.43238	40	5
1.1017	1.2783	0.71885	0.90948	0.037816	-0.06281	-0.0021473	-0.011554	0.079005	0.0011188	-0.026262	-0.016195	0.0010284	0.86806	-0.028162	0.49567	-0.1769	-0.96436	-0.19676	-0.85109	0.45283	0.26569	41	2
1.2162	1.0262	0.69685	0.8938	-0.011554	0.079005	0.0011188	0.037816	-0.06281	-0.0021473	-0.026262	-0.016195	0.0010284	-0.1769	-0.96436	-0.19676	0.86806	-0.028162	0.49567	-0.85109	0.45283	0.26569	41	5
1.2186	2.0112	0.27169	0.70739	-0.011554	0.079005	0.0011188	-0.026262	-0.016195	0.0010284	0.037816	-0.06281	-0.0021473	-0.1769	-0.96436	-0.19676	-0.85109	0.45283	0.26569	0.86806	-0.028162	0.49567	41	6
0.23163	1.9103	0.57572	0.8047	0.0028419	-0.093546	0.034177	-0.030669	-0.0082983	-0.0035316	0.027828	0.10184	-0.030646	0.57382	0.10726	0.81192	-0.98051	0.11788	0.15719	0.92057	0.077548	-0.3828	42	3
0.54307	0.28368	1.933	0.8707	0.0028419	-0.093546	0.034177	0.027828	0.10184	-0.030646	-0.030669	-0.0082983	-0.0035316	0.57382	0.10726	0.81192	0.92057	0.077548	-0.3828	-0.98051	0.11788	0.15719	42	4
1.7192	0.96945	1.3102	1.3558	-0.020237	-0.0051564	0.01831	0.034592	-0.014906	-0.036361	-0.014355	0.020062	0.018051	-0.74785	-0.09641	0.65683	0.74067	0.1402	-0.65708	-0.51426	0.49351	0.70141	43	2
1.5976	0.92477	1.5058	1.2317	-0.014355	0.020062	0.018051	0.034592	-0.014906	-0.036361	-0.020237	-0.0051564	0.01831	-0.51426	0.49351	0.70141	0.74067	0.1402	-0.65708	-0.74785	-0.09641	0.65683	43	4
1.7651	1.7883	2.0494	1.541	0.034592	-0.014906	-0.036361	-0.020237	-0.0051564	0.01831	-0.014355	0.020062	0.018051	0.74067	0.1402	-0.65708	-0.74785	-0.09641	0.65683	-0.51426	0.49351	0.70141	43	5
1.4769	1.9482	0.90964	0.6863	0.034592	-0.014906	-0.036361	-0.014355	0.020062	0.018051	-0.020237	-0.0051564	0.01831	0.74067	0.1402	-0.65708	-0.51426	0.49351	0.70141	-0.74785	-0.09641	0.65683	43	6
1.6757	1.0104	1.4177	1.2993	-0.023156	-0.0053443	0.01466	0.030863	-0.0067927	-0.03819	-0.0077067	0.012137	0.02353	-0.84067	-0.1217	0.52769	0.66819	0.18573	-0.72044	-0.26175	0.23457	0.9362	44	2
1.6339	0.9623	1.5258	1.2032	-0.0077067	0.012137	0.02353	0.030863	-0.0067927	-0.03819	-0.023156	-0.0053443	0.01466	-0.26175	0.23457	0.9362	0.66819	0.18573	-0.72044	-0.84067	-0.1217	0.52769	44	4
1.0978	1.6513	1.1825	1.4323	0.030863	-0.0067927	-0.03819	-0.023156	-0.0053443	0.01466	-0.0077067	0.012137	0.02353	0.66819	0.18573	-0.72044	-0.84067	-0.1217	0.52769	-0.26175	0.23457	0.9362	44	5
1.5705	2.042	0.82097	0.69579	0.030863	-0.0067927	-0.03819	-0.0077067	0.012137	0.02353	-0.023156	-0.0053443	0.01466	0.66819	0.18573	-0.72044	-0.26175	0.23457	0.9362	-0.84067	-0.1217	0.52769	44	6
0.57296	-0.097203	1.7307	0.83347	0.0085246	0.075366	-0.013984	0.009893	-0.12962	0.019824	-0.018418	0.054251	-0.0058401	0.93199	-0.2609	0.25163	0.3355	-0.82797	0.44935	-0.95553	0.29232	-0.038885	45	5
1.0849	1.1193	1.1568	0.932	0.032743	-0.059264	-0.02924	-0.010744	0.080043	0.0005529	-0.021999	-0.020779	0.028688	0.8465	0.01439	-0.5322	-0.1144	-0.96707	0.22735	-0.56035	0.58756	0.58376	46	2
0.72881	0.88979	1.6392	0.9051	-0.010744	0.080043	0.0005529	0.032743	-0.059264	-0.02924	-0.021999	-0.020779	0.028688	-0.1144	-0.96707	0.22735	0.8465	0.01439	-0.5322	-0.56035	0.58756	0.58376	46	5
0.94032	1.7439	0.66882	0.80415	-0.010744	0.080043	0.0005529	-0.021999	-0.020779	0.028688	0.032743	-0.059264	-0.02924	-0.1144	-0.96707	0.22735	-0.56035	0.58756	0.58376	0.8465	0.01439	-0.5322	46	6
0.89238	2.5785	1.2313	1.9276	0.014271	-0.030143	0.026275	-0.034782	-0.010503	-0.014483	0.020511	0.040646	-0.011792	0.67789	-0.057152	0.73294	-0.89021	0.40441	-0.2097	0.89377	0.42545	0.14199	47	2
1.3617	1.2678	0.88429	1.429	-0.034782	-0.010503	-0.014483	0.014271	-0.030143	0.026275	0.020511	0.040646	-0.011792	-0.89021	0.40441	-0.2097	0.67789	-0.057152	0.73294	0.89377	0.42545	0.14199	47	5
1.368	1.1765	0.99549	1.3598	-0.034782	-0.010503	-0.014483	0.020511	0.040646	-0.011792	0.014271	-0.030143	0.026275	-0.89021	0.40441	-0.2097	0.89377	0.42545	0.14199	0.67789	-0.057152	0.73294	47	6
0.78487	1.141	-0.05413	2.5154	0.042428	-0.036248	-0.020208	-0.025855	-0.021051	0.019917	-0.016573	0.0573	0.0002914	0.99784	-0.050372	0.042216	-0.63128	0.65821	0.41017	-0.80605	0.44583	0.38926	48	2
0.75536	1.0671	1.3092	0.25888	-0.016573	0.0573	0.0002914	-0.025855	-0.021051	0.019917	0.042428	-0.036248	-0.020208	-0.80605	0.44583	0.38926	-0.63128	0.65821	0.41017	0.99784	-0.050372	0.042216	48	4
1.0261	1.0621	0.72953	0.84364	0.018401	-0.060026	-0.049358	-0.029039	0.073055	0.025689	0.010639	-0.013029	0.023669	0.53098	-0.034877	-0.84666	-0.50777	0.57045	-0.64557	0.31277	0.31726	0.89528	49	2
1.056	1.0185	0.70243	0.84154	-0.029039	0.073055	0.025689	0.018401	-0.060026	-0.049358	0.010639	-0.013029	0.023669	-0.50777	0.57045	-0.64557	0.53098	-0.034877	-0.84666	0.31277	0.31726	0.89528	49	5
0.80991	2.2633	0.095394	1.8514	-0.01691	0.070915	0.0055603	0.011283	0.049716	-0.028208	0.005627	-0.12063	0.022647	-0.78677	-0.17824	0.59094	0.54774	0.37054	-0.75012	0.36403	-0.57836	0.73006	50	5
1.0329	1.4039	1.1731	0.56489	-0.040866	-0.048827	0.0062368	0.0020246	0.043754	0.010927	0.038842	0.0050734	-0.017164	-0.98468	-0.12313	0.12343	0.13469	0.28802	0.94811	0.98372	0.17907	-0.015027	51	2
1.3543	1.3886	0.78572	0.37842	0.038842	0.0050734	-0.017164	0.0020246	0.043754	0.010927	-0.040866	-0.048827	0.0062368	0.98372	0.17907	-0.015027	0.13469	0.28802	0.94811	-0.98468	-0.12313	0.12343	51	4
1.6859	0.72991	0.5757	0.58075	0.0020246	0.043754	0.010927	-0.040866	-0.048827	0.0062368	0.038842	0.0050734	-0.017164	0.13469	0.28802	0.94811	-0.98468	-0.12313	0.12343	0.98372	0.17907	-0.015027	51	5
1.1853	1.4605	0.59161	1.7322	0.0020246	0.043754	0.010927	0.038842	0.0050734	-0.017164	-0.040866	-0.048827	0.0062368	0.13469	0.28802	0.94811	0.98372	0.17907	-0.015027	-0.98468	-0.12313	0.12343	51	6
0.027926	3.1059	1.0564	1.8472	0.043638	-0.067069	-0.03009	-0.017503	-0.01123	0.016291	-0.026136	0.078299	0.013799	0.92022	0.12181	-0.37195	-0.79116	0.010271	0.61152	-0.42479	0.24912	-0.87034	52	3
0.69621	0.85445	1.6912	0.928	0.043638	-0.067069	-0.03009	-0.026136	0.078299	0.013799	-0.017503	-0.01123	0.016291	0.92022	0.12181	-0.37195	-0.42479	0.24912	-0.87034	-0.79116	0.010271	0.61152	52	4
0.10034	2.8649	0.57279	2.3327	0.018413	-0.061105	-0.049001	0.010568	-0.012004	0.023332	-0.02898	0.073108	0.025669	0.54308	-0.042318	-0.83862	0.29781	0.258	0.9191	0.87531	0.47292	-0.10088	53	3
0.36641	0.4852	2.0131	0.71724	0.018413	-0.061105	-0.049001	-0.02898	0.073108	0.025669	0.010568	-0.012004	0.023332	0.54308	-0.042318	-0.83862	0.87531	0.47292	-0.10088	0.29781	0.258	0.9191	53	4
0.52495	0.34949	1.9125	0.89462	-0.02898	0.073108	0.025669	0.018413	-0.061105	-0.049001	0.010568	-0.012004	0.023332	0.87531	0.47292	-0.10088	0.54308	-0.042318	-0.83862	0.29781	0.258	0.9191	53	6
1.7085	1.438	0.82034	0.27019	-0.0087064	0.038638	0.0038149	0.033371	0.0037783	-0.035112	-0.024664	-0.042416	0.031297	-0.63589	0.080025	0.76762	0.77397	0.24356	-0.5845	-0.54679	0.047953	0.8359	54	3
1.0877	0.85288	1.3918	0.36753	-0.0087064	0.038638	0.0038149	-0.024664	-0.042416	0.031297	0.033371	0.0037783	-0.035112	-0.63589	0.080025	0.76762	-0.54679	0.047953	0.8359	0.77397	0.24356	-0.5845	54	4
1.2606	1.2579	1.0217	0.61565	0.0045553	-0.036583	0.03208	0.021786	0.045592	-0.013933	-0.026342	-0.0090087	-0.018147	0.47132	-0.18984	0.86129	0.95031	0.30648	0.054566	-0.93046	0.19653	-0.30923	55	4
0.90516	2.0377	1.2897	1.4043	0.021786	0.045592	-0.013933	-0.026342	-0.0090087	-0.018147	0.0045553	-0.036583	0.03208	0.95031	0.30648	0.054566	-0.93046	0.19653	-0.30923	0.47132	-0.18984	0.86129	55	5
1.2378	1.523	1.2329	0.46001	0.034581	-0.026372	-0.012611	-0.0052482	0.019885	0.023793	-0.029333	0.0064865	-0.011182	0.93704	0.041145	0.34679	-0.16718	0.42161	0.89124	-0.94301	0.21991	-0.24973	57	3
1.2329	2.3636	1.7454	1.8182	0.034581	-0.026372	-0.012611	-0.029333	0.0064865	-0.011182	-0.0052482	0.019885	0.023793	0.93704	0.041145	0.34679	-0.94301	0.21991	-0.24973	-0.16718	0.42161	0.89124	57	4
1.5355	1.6364	0.86717	0.39737	-0.029333	0.0064865	-0.011182	-0.0052482	0.019885	0.023793	0.034581	-0.026372	-0.012611	-0.94301	0.21991	-0.24973	-0.16718	0.42161	0.89124	0.93704	0.041145	0.34679	57	5
1.5615	1.1586	1.0865	1.499	-0.029333	0.0064865	-0.011182	0.034581	-0.026372	-0.012611	-0.0052482	0.019885	0.023793	-0.94301	0.21991	-0.24973	0.93704	0.041145	0.34679	-0.16718	0.42161	0.89124	57	6
1.7731	0.78532	-0.055593	1.3597	-0.011066	0.038827	0.001046	0.011632	0.072158	-0.024174	-0.00056635	-0.11099	0.023128	-0.76607	0.011076	0.64266	0.75792	-0.21256	-0.61674	0.17857	-0.98199	0.061716	58	5
0.41232	0.56614	1.9259	0.74501	0.035577	-0.074876	-0.022898	-0.011748	0.078832	0.0013289	-0.02383	-0.0039562	0.021569	0.99527	0.053211	-0.081246	0.75443	-0.10424	-0.64806	-0.75057	0.080047	0.65593	59	2
0.45798	0.43329	1.9888	0.70242	-0.011748	0.078832	0.0013289	0.035577	-0.074876	-0.022898	-0.02383	-0.0039562	0.021569	0.75443	-0.10424	-0.64806	0.99527	0.053211	-0.081246	-0.75057	0.080047	0.65593	59	5
0.33807	0.44732	1.8723	0.68908	-0.0084801	-0.079955	0.040112	0.0026249	0.085576	0.0026318	0.0058551	-0.005621	-0.042744	0.24406	0.035446	0.96911	-0.036853	-0.51918	0.85387	-0.087317	0.14543	-0.98551	60	2
0.42196	0.41857	1.8337	0.71845	0.0026249	0.085576	0.0026318	-0.0084801	-0.079955	0.040112	0.0058551	-0.005621	-0.042744	-0.036853	-0.51918	0.85387	0.24406	0.035446	0.96911	-0.087317	0.14543	-0.98551	60	5
0.32622	0.98627	1.4033	0.99404	-0.0040818	-0.1108	0.031363	-0.011584	0.07888	0.0011282	0.015666	0.031922	-0.032491	0.3889	0.19222	0.90101	-0.71263	0.70148	-0.0091127	0.53944	0.33053	-0.77444	61	2
2.1275	3.0492	0.091192	1.3482	0.015666	0.031922	-0.032491	-0.011584	0.07888	0.0011282	-0.0040818	-0.1108	0.031363	0.53944	0.33053	-0.77444	-0.71263	0.70148	-0.0091127	0.3889	0.19222	0.90101	61	4
1.0827	0.1468	1.2808	1.203	-0.011584	0.07888	0.0011282	-0.0040818	-0.1108	0.031363	0.015666	0.031922	-0.032491	-0.71263	0.70148	-0.0091127	0.3889	0.19222	0.90101	0.53944	0.33053	-0.77444	61	5
2.803	2.0234	0.072743	1.1245	-0.011584	0.07888	0.0011282	0.015666	0.031922	-0.032491	-0.0040818	-0.1108	0.031363	-0.71263	0.70148	-0.0091127	0.53944	0.33053	-0.77444	0.3889	0.19222	0.90101	61	6
0.38993	0.54045	2.0469	0.73592	0.040773	-0.06889	-0.029779	-0.021134	0.075968	0.013525	-0.019639	-0.0070781	0.016255	0.90206	0.12632	-0.41272	0.64211	-0.60097	-0.47595	-0.77692	-0.14987	0.61151	62	2
0.55278	0.56484	1.9144	0.83302	-0.021134	0.075968	0.013525	0.040773	-0.06889	-0.029779	-0.019639	-0.0070781	0.016255	0.64211	-0.60097	-0.47595	0.90206	0.12632	-0.41272	-0.77692	-0.14987	0.61151	62	5
1.6857	0.97325	1.3827	1.3053	-0.014603	0.00011851	0.023892	0.013121	-0.020771	-0.045045	0.0014825	0.020652	0.021153	-0.48072	-0.030236	0.87635	0.15357	0.078044	-0.98505	0.018904	0.46801	0.88352	63	2
1.6225	0.95372	1.4797	1.2468	0.0014825	0.020652	0.021153	0.013121	-0.020771	-0.045045	-0.014603	0.00011851	0.023892	0.018904	0.46801	0.88352	0.15357	0.078044	-0.98505	-0.48072	-0.030236	0.87635	63	4
1.149	1.6953	1.169	1.4039	0.013121	-0.020771	-0.045045	-0.014603	0.00011851	0.023892	0.0014825	0.020652	0.021153	0.15357	0.078044	-0.98505	-0.48072	-0.030236	0.87635	0.018904	0.46801	0.88352	63	5
1.5403	2.0152	0.83536	0.7153	0.013121	-0.020771	-0.045045	0.0014825	0.020652	0.021153	-0.014603	0.00011851	0.023892	0.15357	0.078044	-0.98505	0.018904	0.46801	0.88352	-0.48072	-0.030236	0.87635	63	6
0.027114	2.1158	0.2991	1.0059	0.0034312	-0.10842	0.030918	-0.030507	-0.0026145	-0.0036393	0.027076	0.11103	-0.027278	0.76443	0.1411	0.62908	-0.99723	0.044047	0.05986	0.73725	0.55186	-0.38976	64	3
0.30566	0.22154	1.9775	0.87385	0.0034312	-0.10842	0.030918	0.027076	0.11103	-0.027278	-0.030507	-0.0026145	-0.0036393	0.76443	0.1411	0.62908	0.73725	0.55186	-0.38976	-0.99723	0.044047	0.05986	64	4
1.5178	1.0235	1.5628	1.1063	-0.0093119	-0.0070741	0.024556	-0.01296	-0.0087008	-0.04019	0.022272	0.015775	0.015634	-0.32039	0.049909	0.94597	-0.5538	0.19065	-0.81053	0.66971	0.27704	0.68901	65	2
1.5281	1.1396	1.4061	1.3001	0.022272	0.015775	0.015634	-0.01296	-0.0087008	-0.04019	-0.0093119	-0.0070741	0.024556	0.66971	0.27704	0.68901	-0.5538	0.19065	-0.81053	-0.32039	0.049909	0.94597	65	4
1.6138	1.9835	0.79321	0.63631	-0.01296	-0.0087008	-0.04019	-0.0093119	-0.0070741	0.024556	0.022272	0.015775	0.015634	-0.5538	0.19065	-0.81053	-0.32039	0.049909	0.94597	0.66971	0.27704	0.68901	65	5
1.2039	1.4924	1.237	1.399	-0.01296	-0.0087008	-0.04019	0.022272	0.015775	0.015634	-0.0093119	-0.0070741	0.024556	-0.5538	0.19065	-0.81053	0.66971	0.27704	0.68901	-0.32039	0.049909	0.94597	65	6
0.20933	0.41529	1.9054	0.61814	-0.015828	-0.082514	0.040378	-0.0029633	0.081218	0.0032255	0.018791	0.0012959	-0.043604	0.011238	0.064287	0.99787	-0.0073084	-0.20203	0.97935	0.32466	0.1755	-0.9294	66	4
1.6434	1.8391	0.83519	0.49105	-0.027188	-0.0063037	-0.016776	-0.0059403	-0.0068483	0.023692	0.033129	0.013152	-0.0069155	-0.94119	0.18204	-0.28466	-0.19766	-0.043438	0.97931	0.97152	0.2035	0.1214	67	3
1.4482	1.3019	1.3666	1.3314	-0.027188	-0.0063037	-0.016776	0.033129	0.013152	-0.0069155	-0.0059403	-0.0068483	0.023692	-0.94119	0.18204	-0.28466	0.97152	0.2035	0.1214	-0.19766	-0.043438	0.97931	67	4
1.5662	1.8168	0.92724	0.51293	0.033129	0.013152	-0.0069155	-0.0059403	-0.0068483	0.023692	-0.027188	-0.0063037	-0.016776	0.97152	0.2035	0.1214	-0.19766	-0.043438	0.97931	-0.94119	0.18204	-0.28466	67	5
1.3506	1.3983	1.3704	1.3262	0.033129	0.013152	-0.0069155	-0.027188	-0.0063037	-0.016776	-0.0059403	-0.0068483	0.023692	0.97152	0.2035	0.1214	-0.94119	0.18204	-0.28466	-0.19766	-0.043438	0.97931	67	6
1.3554	1.2865	0.024032	1.4788	0.015631	0.045456	-0.036736	-0.029013	0.073108	0.025662	0.013382	-0.11856	0.011074	0.50991	0.29789	-0.807	-0.2945	0.93752	-0.1853	0.66695	-0.45152	0.59271	68	2
0.19245	1.6533	0.87289	1.0141	0.013382	-0.11856	0.011074	0.015631	0.045456	-0.036736	-0.029013	0.073108	0.025662	0.66695	-0.45152	0.59271	0.50991	0.29789	-0.807	-0.2945	0.93752	-0.1853	68	3
0.33712	1.236	1.0001	1.2947	0.013382	-0.11856	0.011074	-0.029013	0.073108	0.025662	0.015631	0.045456	-0.036736	0.66695	-0.45152	0.59271	-0.2945	0.93752	-0.1853	0.50991	0.29789	-0.807	68	4
0.79565	1.144	0.30491	0.32885	-0.029013	0.073108	0.025662	0.015631	0.045456	-0.036736	0.013382	-0.11856	0.011074	-0.2945	0.93752	-0.1853	0.50991	0.29789	-0.807	0.66695	-0.45152	0.59271	68	5
2.0057	0.16671	1.2768	1.9868	-0.029013	0.073108	0.025662	0.013382	-0.11856	0.011074	0.015631	0.045456	-0.036736	-0.2945	0.93752	-0.1853	0.66695	-0.45152	0.59271	0.50991	0.29789	-0.807	68	6
1.3447	1.4979	0.92052	1.1516	-0.027458	-0.02403	-0.033755	0.0093463	0.044361	0.010884	0.018112	-0.020331	0.022872	-0.68714	0.18973	-0.70132	0.40891	0.35208	0.84192	0.7071	0.18978	0.68117	69	2
1.5594	1.0761	1.075	1.336	0.018112	-0.020331	0.022872	-0.027458	-0.02403	-0.033755	0.0093463	0.044361	0.010884	0.7071	0.18978	0.68117	-0.68714	0.18973	-0.70132	0.40891	0.35208	0.84192	69	3
1.1813	1.0467	1.2697	0.30244	0.018112	-0.020331	0.022872	0.0093463	0.044361	0.010884	-0.027458	-0.02403	-0.033755	0.7071	0.18978	0.68117	0.40891	0.35208	0.84192	-0.68714	0.18973	-0.70132	69	4
1.3136	1.1211	1.3013	1.3063	0.0093463	0.044361	0.010884	-0.027458	-0.02403	-0.033755	0.018112	-0.020331	0.022872	0.40891	0.35208	0.84192	-0.68714	0.18973	-0.70132	0.7071	0.18978	0.68117	69	5
1.8835	0.66576	0.87943	1.2422	-0.014224	-0.011154	0.023588	0.032258	-0.057889	-0.031949	-0.018033	0.069043	0.0083615	-0.54607	0.31871	0.77475	0.77774	-0.011236	-0.62848	-0.28298	-0.67541	0.68099	70	1
0.98741	2.1422	3.087	2.0772	0.032258	-0.057889	-0.031949	-0.014224	-0.011154	0.023588	-0.018033	0.069043	0.0083615	0.77774	-0.011236	-0.62848	-0.54607	0.31871	0.77475	-0.28298	-0.67541	0.68099	70	3
1.1081	1.3117	1.2326	0.94407	0.032258	-0.057889	-0.031949	-0.018033	0.069043	0.0083615	-0.014224	-0.011154	0.023588	0.77774	-0.011236	-0.62848	-0.28298	-0.67541	0.68099	-0.54607	0.31871	0.77475	70	4
0.93704	1.5522	0.7444	0.39295	-0.018033	0.069043	0.0083615	-0.014224	-0.011154	0.023588	0.032258	-0.057889	-0.031949	-0.28298	-0.67541	0.68099	-0.54607	0.31871	0.77475	0.77774	-0.011236	-0.62848	70	5
0.99831	0.88264	1.5361	1.2198	-0.018033	0.069043	0.0083615	0.032258	-0.057889	-0.031949	-0.014224	-0.011154	0.023588	-0.28298	-0.67541	0.68099	0.77774	-0.011236	-0.62848	-0.54607	0.31871	0.77475	70	6
0.24349	0.56302	2.0898	0.67481	0.039913	-0.080752	-0.005608	-0.013805	0.07105	0.0095358	-0.026108	0.0097027	-0.0039278	0.8835	0.041709	0.46658	0.4328	-0.25179	0.86561	-0.97005	0.22936	-0.080044	71	4
0.29882	2.5807	0.70047	1.9985	-0.022342	-0.065053	0.030369	0.037756	-0.0089284	-0.035176	-0.015414	0.073981	0.0048076	-0.41272	-0.060791	0.90883	0.79977	0.21104	-0.56199	-0.51659	0.7187	0.4654	72	3
0.64504	0.71118	1.4891	0.60306	-0.022342	-0.065053	0.030369	-0.015414	0.073981	0.0048076	0.037756	-0.0089284	-0.035176	-0.41272	-0.060791	0.90883	-0.51659	0.7187	0.4654	0.79977	0.21104	-0.56199	72	4
0.1185	2.5609	0.62297	1.9384	-0.015414	0.073981	0.0048076	0.037756	-0.0089284	-0.035176	-0.022342	-0.065053	0.030369	-0.51659	0.7187	0.4654	0.79977	0.21104	-0.56199	-0.41272	-0.060791	0.90883	72	5
1.5277	1.8336	0.9698	0.55332	0.037389	-0.013211	-0.0056864	-0.014762	0.0027955	0.021386	-0.022626	0.010415	-0.0157	0.93705	0.039028	0.34701	-0.52795	-0.040236	0.84832	-0.8447	0.31538	-0.43246	73	4
1.8295	1.235	0.076729	0.40595	-0.014762	0.0027955	0.021386	-0.022626	0.010415	-0.0157	0.037389	-0.013211	-0.0056864	-0.52795	-0.040236	0.84832	-0.8447	0.31538	-0.43246	0.93705	0.039028	0.34701	73	5
2.0564	1.2403	0.057634	0.56582	-0.014762	0.0027955	0.021386	0.037389	-0.013211	-0.0056864	-0.022626	0.010415	-0.0157	-0.52795	-0.040236	0.84832	0.93705	0.039028	0.34701	-0.8447	0.31538	-0.43246	73	6
0.44292	0.62473	1.8692	0.76501	0.035671	-0.075107	-0.022558	-0.011619	0.079082	0.0013469	-0.024052	-0.0039755	0.021212	0.99758	0.047154	-0.051043	0.60874	-0.79022	-0.070609	-0.75981	0.074839	0.64583	74	2
0.95154	0.79809	0.92621	0.78278	-0.011619	0.079082	0.0013469	0.035671	-0.075107	-0.022558	-0.024052	-0.0039755	0.021212	0.60874	-0.79022	-0.070609	0.99758	0.047154	-0.051043	-0.75981	0.074839	0.64583	74	5
1.7018	1.1182	1.5787	1.8487	-0.028526	-0.014506	-0.009575	0.032883	-0.0467	0.0078783	-0.004357	0.061206	0.0016967	-0.94092	0.32402	0.098403	0.85316	-0.094761	0.51297	-0.17929	0.62067	0.7633	75	2
1.3038	1.1915	1.109	0.99554	-0.004357	0.061206	0.0016967	0.032883	-0.0467	0.0078783	-0.028526	-0.014506	-0.009575	-0.17929	0.62067	0.7633	0.85316	-0.094761	0.51297	-0.94092	0.32402	0.098403	75	4
0.9759	2.2489	1.0889	2.1173	0.032883	-0.0467	0.0078783	-0.028526	-0.014506	-0.009575	-0.004357	0.061206	0.0016967	0.85316	-0.094761	0.51297	-0.94092	0.32402	0.098403	-0.17929	0.62067	0.7633	75	5
1.3693	0.93851	1.4101	0.82698	0.032883	-0.0467	0.0078783	-0.004357	0.061206	0.0016967	-0.028526	-0.014506	-0.009575	0.85316	-0.094761	0.51297	-0.17929	0.62067	0.7633	-0.94092	0.32402	0.098403	75	6
0.065038	3.0072	0.90571	2.0077	0.040538	-0.059525	-0.007631	-0.024861	-0.014238	0.0024379	-0.015677	0.073762	0.0051931	0.90915	-0.019598	0.41601	-0.89996	0.26294	0.34777	0.2695	-0.93714	0.22169	76	3
0.76848	0.8467	1.641	0.79859	0.040538	-0.059525	-0.007631	-0.015677	0.073762	0.0051931	-0.024861	-0.014238	0.0024379	0.90915	-0.019598	0.41601	0.2695	-0.93714	0.22169	-0.89996	0.26294	0.34777	76	4
0.54577	1.0109	1.1938	0.35511	-0.00011779	0.081723	0.003032	-0.01643	-0.024082	0.039051	0.016548	-0.057641	-0.042083	-0.16895	-0.14834	0.9744	-0.32108	0.40367	0.85671	0.52309	-0.12056	-0.84371	77	5
0.98172	1.4747	1.5407	1.0174	-0.00011779	0.081723	0.003032	0.016548	-0.057641	-0.042083	-0.01643	-0.024082	0.039051	-0.16895	-0.14834	0.9744	0.52309	-0.12056	-0.84371	-0.32108	0.40367	0.85671	77	6
0.1308	1.9685	0.45735	1.8519	-0.0030478	-0.11599	0.031374	0.018361	0.041871	-0.036196	-0.015313	0.074115	0.0048222	0.36209	-0.27256	0.8914	0.58462	0.29218	-0.75687	0.78699	0.47378	0.39521	78	3
-0.026438	0.68654	1.8721	0.65701	-0.0030478	-0.11599	0.031374	-0.015313	0.074115	0.0048222	0.018361	0.041871	-0.036196	0.36209	-0.27256	0.8914	0.78699	0.47378	0.39521	0.58462	0.29218	-0.75687	78	4
0.92231	0.06405	1.7749	0.72308	-0.015313	0.074115	0.0048222	-0.0030478	-0.11599	0.031374	0.018361	0.041871	-0.036196	0.78699	0.47378	0.39521	0.36209	-0.27256	0.8914	0.58462	0.29218	-0.75687	78	6
1.4923	0.98752	0.92327	1.3417	-0.031339	-0.013838	-0.019825	0.021226	0.054365	-0.011088	0.010113	-0.040527	0.030913	-0.85425	0.36485	-0.37033	0.94209	0.27525	0.19158	0.56889	-0.25373	0.78229	79	5
1.4678	1.149	0.78072	1.3515	-0.031339	-0.013838	-0.019825	0.010113	-0.040527	0.030913	0.021226	0.054365	-0.011088	-0.85425	0.36485	-0.37033	0.56889	-0.25373	0.78229	0.94209	0.27525	0.19158	79	6
1.5743	1.4844	1.0658	1.76	-0.028305	-0.010142	-0.0062528	0.036454	-0.029216	-0.0008346	-0.0081491	0.039358	0.0070874	-0.9847	0.096655	0.14499	0.9078	0.050589	0.41634	-0.55707	0.035091	0.82973	80	1
1.548	1.9201	1.5876	1.9172	0.036454	-0.029216	-0.0008346	-0.028305	-0.010142	-0.0062528	-0.0081491	0.039358	0.0070874	0.9078	0.050589	0.41634	-0.9847	0.096655	0.14499	-0.55707	0.035091	0.82973	80	3
1.2583	1.492	1.1974	0.56214	0.036454	-0.029216	-0.0008346	-0.0081491	0.039358	0.0070874	-0.028305	-0.010142	-0.0062528	0.9078	0.050589	0.41634	-0.55707	0.035091	0.82973	-0.9847	0.096655	0.14499	80	4
2.1901	1.6393	1.3055	0.64374	-0.0081491	0.039358	0.0070874	-0.028305	-0.010142	-0.0062528	0.036454	-0.029216	-0.0008346	-0.55707	0.035091	0.82973	-0.9847	0.096655	0.14499	0.9078	0.050589	0.41634	80	5
1.2794	1.468	1.2765	1.3829	0.032957	-0.00012858	-0.024382	-0.031816	-0.005731	-0.0019168	-0.0011408	0.0058596	0.026299	0.94561	0.17421	-0.27472	-0.98572	0.094299	0.13952	-0.019065	0.047957	0.99867	81	2
1.7688	1.2188	0.083809	0.39697	-0.0011408	0.0058596	0.026299	-0.031816	-0.005731	-0.0019168	0.032957	-0.00012858	-0.024382	-0.019065	0.047957	0.99867	-0.98572	0.094299	0.13952	0.94561	0.17421	-0.27472	81	4
1.5107	1.2198	1.3453	1.3422	-0.031816	-0.005731	-0.0019168	0.032957	-0.00012858	-0.024382	-0.0011408	0.0058596	0.026299	-0.98572	0.094299	0.13952	0.94561	0.17421	-0.27472	-0.019065	0.047957	0.99867	81	5
0.22128	1.0759	1.1078	1.1334	0.0051777	-0.1302	0.020356	-0.022087	0.086737	0.015011	0.016909	0.043461	-0.035367	-0.045179	-0.97068	0.2361	-0.25054	0.96369	0.092318	0.56289	0.30928	-0.76649	82	2
1.3829	1.5272	0.17208	0.98934	0.016909	0.043461	-0.035367	-0.022087	0.086737	0.015011	0.0051777	-0.1302	0.020356	0.56289	0.30928	-0.76649	-0.25054	0.96369	0.092318	-0.045179	-0.97068	0.2361	82	4
1.2554	0.14814	0.97131	1.3677	-0.022087	0.086737	0.015011	0.0051777	-0.1302	0.020356	0.016909	0.043461	-0.035367	-0.25054	0.96369	0.092318	-0.045179	-0.97068	0.2361	0.56289	0.30928	-0.76649	82	5
0.83918	1.2994	0.04249	0.32843	-0.022087	0.086737	0.015011	0.016909	0.043461	-0.035367	0.0051777	-0.1302	0.020356	-0.25054	0.96369	0.092318	0.56289	0.30928	-0.76649	-0.045179	-0.97068	0.2361	82	6
0.74983	0.40396	1.5267	1.0159	0.003578	-0.094829	0.026785	0.025766	0.1054	-0.030058	-0.029344	-0.010575	0.0032726	0.6471	0.045591	0.76104	0.69068	0.39932	-0.60291	-0.94442	0.15794	0.28831	83	4
1.8084	0.7649	-0.057825	1.3648	-0.00079343	0.037005	0.0084669	0.007666	0.075274	-0.014769	-0.0068725	-0.11228	0.0063016	-0.22675	0.50182	0.83473	0.2931	-0.69411	-0.6575	-0.3556	-0.92327	0.14532	84	6
1.2181	1.6182	0.96439	1.1896	0.034027	-0.036741	-0.029627	-0.015316	0.040001	0.0060161	-0.018711	-0.0032598	0.023611	0.88819	-0.095077	-0.44952	-0.65695	-0.1915	0.72921	-0.61384	0.032957	0.78874	85	4
1.0776	1.257	1.1311	0.20191	-0.015316	0.040001	0.0060161	-0.018711	-0.0032598	0.023611	0.034027	-0.036741	-0.029627	-0.65695	-0.1915	0.72921	-0.61384	0.032957	0.78874	0.88819	-0.095077	-0.44952	85	5
1.4666	0.96077	1.3218	1.3729	-0.015316	0.040001	0.0060161	0.034027	-0.036741	-0.029627	-0.018711	-0.0032598	0.023611	-0.65695	-0.1915	0.72921	0.88819	-0.095077	-0.44952	-0.61384	0.032957	0.78874	85	6
0.71297	1.612	0.4853	0.867	0.0070851	0.074144	-0.017385	0.0139	0.037521	0.01095	-0.020985	-0.11166	0.0064349	-0.068113	0.24639	-0.96678	0.47199	0.49369	0.73041	0.019417	-0.99977	0.0089899	86	3
1.1268	0.17298	1.5758	1.0392	0.0070851	0.074144	-0.017385	-0.020985	-0.11166	0.0064349	0.0139	0.037521	0.01095	-0.068113	0.24639	-0.96678	0.019417	-0.99977	0.0089899	0.47199	0.49369	0.73041	86	4
0.46409	1.1646	1.3604	1.0759	-0.020985	-0.11166	0.0064349	0.0070851	0.074144	-0.017385	0.0139	0.037521	0.01095	0.019417	-0.99977	0.0089899	-0.068113	0.24639	-0.96678	0.47199	0.49369	0.73041	86	6
0.83943	0.4314	1.6907	0.62803	0.0097998	0.054249	-0.0022681	0.012333	-0.086511	0.016314	-0.022133	0.032261	-0.014046	0.63991	0.31652	0.70024	0.70728	-0.038439	0.70589	-0.94559	0.11607	-0.30395	87	3
1.3173	1.1243	0.1567	1.4621	-0.022133	0.032261	-0.014046	0.0097998	0.054249	-0.0022681	0.012333	-0.086511	0.016314	-0.94559	0.11607	-0.30395	0.63991	0.31652	0.70024	0.70728	-0.038439	0.70589	87	6
1.4789	1.1452	0.40285	1.2402	-0.023446	0.036882	-0.0038465	0.016219	0.05159	-0.016895	0.0072277	-0.088471	0.020741	-0.99972	0.0053229	0.023136	0.9041	0.37772	-0.19983	0.64959	-0.056652	0.75817	88	5
1.6446	0.49983	0.95105	1.2341	-0.023446	0.036882	-0.0038465	0.0072277	-0.088471	0.020741	0.016219	0.05159	-0.016895	-0.99972	0.0053229	0.023136	0.64959	-0.056652	0.75817	0.9041	0.37772	-0.19983	88	6
1.492	1.2524	1.2018	1.3642	0.02861	-0.01875	0.0047797	-0.01034	0.026149	-0.031549	-0.01827	-0.0073991	0.026769	0.93001	-0.042584	0.36506	-0.86655	0.007027	-0.49904	-0.55793	0.27059	0.78454	89	2
1.8044	1.192	0.089513	0.51767	-0.01827	-0.0073991	0.026769	-0.01034	0.026149	-0.031549	0.02861	-0.01875	0.0047797	-0.55793	0.27059	0.78454	-0.86655	0.007027	-0.49904	0.93001	-0.042584	0.36506	89	4
1.2975	1.4518	1.2684	1.3272	-0.01034	0.026149	-0.031549	0.02861	-0.01875	0.0047797	-0.01827	-0.0073991	0.026769	-0.86655	0.007027	-0.49904	0.93001	-0.042584	0.36506	-0.55793	0.27059	0.78454	89	5
1.5748	0.94693	1.4174	1.0528	-0.027718	-0.0045454	0.012659	0.012197	0.034873	-0.039324	0.015522	-0.030328	0.026665	-0.90383	-0.020699	0.42738	0.34461	0.26276	-0.90122	0.69289	-0.056374	0.71884	90	2
1.0565	1.3707	1.5333	0.77188	0.015522	-0.030328	0.026665	-0.027718	-0.0045454	0.012659	0.012197	0.034873	-0.039324	0.69289	-0.056374	0.71884	-0.90383	-0.020699	0.42738	0.34461	0.26276	-0.90122	90	3
1.7255	1.4062	0.075191	0.71988	0.015522	-0.030328	0.026665	0.012197	0.034873	-0.039324	-0.027718	-0.0045454	0.012659	0.69289	-0.056374	0.71884	0.34461	0.26276	-0.90122	-0.90383	-0.020699	0.42738	90	4
0.96714	1.5538	1.4041	1.0438	0.012197	0.034873	-0.039324	-0.027718	-0.0045454	0.012659	0.015522	-0.030328	0.026665	0.34461	0.26276	-0.90122	-0.90383	-0.020699	0.42738	0.69289	-0.056374	0.71884	90	5
1.4188	1.7335	0.11121	0.73185	0.012197	0.034873	-0.039324	0.015522	-0.030328	0.026665	-0.027718	-0.0045454	0.012659	0.34461	0.26276	-0.90122	0.69289	-0.056374	0.71884	-0.90383	-0.020699	0.42738	90	6
1.0242	0.89342	0.85374	1.602	0.018491	-0.068514	-0.041309	-0.01864	0.086887	0.010471	0.00014863	-0.018372	0.030838	0.49827	-0.027795	-0.86657	-0.3276	0.29774	0.89668	0.10025	0.61623	0.78116	91	4
0.36095	1.1036	1.1503	0.21202	-0.01864	0.086887	0.010471	0.00014863	-0.018372	0.030838	0.018491	-0.068514	-0.041309	-0.3276	0.29774	0.89668	0.10025	0.61623	0.78116	0.49827	-0.027795	-0.86657	91	5
1.0096	2.3522	2.3723	0.47072	-0.01864	0.086887	0.010471	0.018491	-0.068514	-0.041309	0.00014863	-0.018372	0.030838	-0.3276	0.29774	0.89668	0.49827	-0.027795	-0.86657	0.10025	0.61623	0.78116	91	6
0.40968	0.58451	1.942	0.76137	0.019459	-0.081398	0.018493	0.0094424	0.078864	-0.012483	-0.028901	0.0025342	-0.0060095	0.73146	0.013114	0.68176	0.37666	-0.78153	0.49733	-0.9924	0.098999	-0.073053	92	4
1.5075	1.0217	0.95068	1.0765	-0.016176	0.030315	-0.0026015	0.028187	0.031187	-0.029703	-0.012011	-0.061502	0.032304	-0.85702	0.4949	0.1435	0.82386	0.29775	-0.48228	0.10869	-0.11145	0.98781	93	2
0.76718	1.2292	1.5548	1.0914	-0.012011	-0.061502	0.032304	0.028187	0.031187	-0.029703	-0.016176	0.030315	-0.0026015	0.10869	-0.11145	0.98781	0.82386	0.29775	-0.48228	-0.85702	0.4949	0.1435	93	4
1.0621	1.4917	0.93506	1.1296	0.028187	0.031187	-0.029703	-0.016176	0.030315	-0.0026015	-0.012011	-0.061502	0.032304	0.82386	0.29775	-0.48228	-0.85702	0.4949	0.1435	0.10869	-0.11145	0.98781	93	5
1.3054	0.90419	1.3324	1.1143	0.028187	0.031187	-0.029703	-0.012011	-0.061502	0.032304	-0.016176	0.030315	-0.0026015	0.82386	0.29775	-0.48228	0.10869	-0.11145	0.98781	-0.85702	0.4949	0.1435	93	6
0.66227	2.1912	0.84716	1.8583	-0.03079	-0.071206	0.023078	0.041942	-0.0082724	-0.024191	-0.011152	0.079478	0.0011133	-0.79143	-0.012559	0.61113	0.95743	0.25312	-0.13878	0.3275	-0.87977	0.34459	94	1
0.86606	0.87361	1.3032	0.77207	-0.03079	-0.071206	0.023078	-0.011152	0.079478	0.0011133	0.041942	-0.0082724	-0.024191	-0.79143	-0.012559	0.61113	0.3275	-0.87977	0.34459	0.95743	0.25312	-0.13878	94	2
0.86724	0.83083	1.1392	0.92241	-0.011152	0.079478	0.0011133	-0.03079	-0.071206	0.023078	0.041942	-0.0082724	-0.024191	0.3275	-0.87977	0.34459	-0.79143	-0.012559	0.61113	0.95743	0.25312	-0.13878	94	5
1.0249	1.567	0.434	0.74319	-0.011152	0.079478	0.0011133	0.041942	-0.0082724	-0.024191	-0.03079	-0.071206	0.023078	0.3275	-0.87977	0.34459	0.95743	0.25312	-0.13878	-0.79143	-0.012559	0.61113	94	6
0.47598	0.60295	1.9908	0.74656	0.035457	-0.0674	-0.031315	-0.015364	0.075566	0.017885	-0.020094	-0.0081661	0.013429	0.79815	0.11253	-0.59185	0.93494	-0.29341	0.19951	-0.82033	-0.20856	0.5325	95	4
0.53459	-0.092826	1.8109	0.82568	-0.014519	0.073074	0.0065163	0.029934	-0.12233	0.0036626	-0.015415	0.049254	-0.010179	0.54018	-0.12926	0.83156	0.71909	-0.43016	0.54578	-0.97446	0.12203	-0.1885	96	5
1.0841	1.4871	1.0724	1.5064	0.034351	-0.032195	-0.030663	-0.02085	0.034818	0.0037636	-0.013501	-0.0026227	0.026899	0.86892	-0.06896	-0.49013	-0.87157	0.21223	0.44196	-0.40364	0.071096	0.91215	98	4
1.2032	1.3566	1.052	0.24063	-0.02085	0.034818	0.0037636	-0.013501	-0.0026227	0.026899	0.034351	-0.032195	-0.030663	-0.87157	0.21223	0.44196	-0.40364	0.071096	0.91215	0.86892	-0.06896	-0.49013	98	5
1.5165	1.01	1.3317	1.3543	-0.02085	0.034818	0.0037636	0.034351	-0.032195	-0.030663	-0.013501	-0.0026227	0.026899	-0.87157	0.21223	0.44196	0.86892	-0.06896	-0.49013	-0.40364	0.071096	0.91215	98	6
0.63162	1.8943	0.48526	1.1207	-0.011761	0.078834	0.0010009	0.027674	0.031566	0.0033336	-0.015914	-0.1104	-0.0043345	-0.73267	0.29738	-0.61217	0.798	0.41853	0.43362	-0.11197	-0.97852	-0.17308	99	4
1.6691	0.69432	0.40206	0.98586	0.027674	0.031566	0.0033336	-0.011761	0.078834	0.0010009	-0.015914	-0.1104	-0.0043345	0.798	0.41853	0.43362	-0.73267	0.29738	-0.61217	-0.11197	-0.97852	-0.17308	99	6
1.6181	1.0088	1.3751	1.2487	0.0033846	-0.0078348	0.024224	-0.024274	-0.01573	-0.034933	0.020889	0.023565	0.010709	0.073631	0.029333	0.99685	-0.68868	0.22292	-0.68995	0.65967	0.45449	0.59857	100	2
1.4858	1.0736	1.4463	1.2989	0.020889	0.023565	0.010709	-0.024274	-0.01573	-0.034933	0.0033846	-0.0078348	0.024224	0.65967	0.45449	0.59857	-0.68868	0.22292	-0.68995	0.073631	0.029333	0.99685	100	4
1.5678	2.019	0.74677	0.74491	-0.024274	-0.01573	-0.034933	0.0033846	-0.0078348	0.024224	0.020889	0.023565	0.010709	-0.68868	0.22292	-0.68995	0.073631	0.029333	0.99685	0.65967	0.45449	0.59857	100	5
1.2671	1.5893	1.1148	1.2625	-0.024274	-0.01573	-0.034933	0.020889	0.023565	0.010709	0.0033846	-0.0078348	0.024224	-0.68868	0.22292	-0.68995	0.65967	0.45449	0.59857	0.073631	0.029333	0.99685	100	6
