1.1527	1.8354	1.1461	2.0117	0.010408	0.044458	-0.016058	-0.003991	-0.055188	-0.01698	-0.0064167	0.01073	0.033038	0.53216	0.64948	0.54312	-0.087432	-0.99081	0.10324	-0.12655	0.36191	0.92358	1	1
0.87028	1.1846	0.79805	0.24192	0.010408	0.044458	-0.016058	-0.0064167	0.01073	0.033038	-0.003991	-0.055188	-0.01698	0.53216	0.64948	0.54312	-0.12655	0.36191	0.92358	-0.087432	-0.99081	0.10324	1	2
1.0861	1.3164	0.45429	1.953	-0.003991	-0.055188	-0.01698	-0.0064167	0.01073	0.033038	0.010408	0.044458	-0.016058	-0.087432	-0.99081	0.10324	-0.12655	0.36191	0.92358	0.53216	0.64948	0.54312	1	4
1.1964	0.87584	0.78992	0.23325	-0.0064167	0.01073	0.033038	0.010408	0.044458	-0.016058	-0.003991	-0.055188	-0.01698	-0.12655	0.36191	0.92358	0.53216	0.64948	0.54312	-0.087432	-0.99081	0.10324	1	5
1.6544	1.237	0.22561	0.71054	0.020171	0.035099	-0.021925	-0.0043601	-0.059807	-0.00085853	-0.015811	0.024708	0.022783	0.21619	0.46936	-0.85613	0.017882	-0.99984	-0.00065426	-0.20138	0.74188	0.63958	2	2
1.7689	1.7376	0.41086	0.6144	-0.015811	0.024708	0.022783	0.020171	0.035099	-0.021925	-0.0043601	-0.059807	-0.00085853	-0.20138	0.74188	0.63958	0.21619	0.46936	-0.85613	0.017882	-0.99984	-0.00065426	2	3
1.5308	0.90751	1.3583	1.0781	-0.015811	0.024708	0.022783	-0.0043601	-0.059807	-0.00085853	0.020171	0.035099	-0.021925	-0.20138	0.74188	0.63958	0.017882	-0.99984	-0.00065426	0.21619	0.46936	-0.85613	2	4
1.303	1.6912	0.383	0.74481	-0.0043601	-0.059807	-0.00085853	0.020171	0.035099	-0.021925	-0.015811	0.024708	0.022783	0.017882	-0.99984	-0.00065426	0.21619	0.46936	-0.85613	-0.20138	0.74188	0.63958	2	5
0.92927	1.5117	1.3257	1.0816	-0.0043601	-0.059807	-0.00085853	-0.015811	0.024708	0.022783	0.020171	0.035099	-0.021925	0.017882	-0.99984	-0.00065426	-0.20138	0.74188	0.63958	0.21619	0.46936	-0.85613	2	6
1.4832	2.0237	1.5368	1.8325	-0.016679	-0.034822	0.024456	-0.0031835	-0.00013464	-0.036973	0.019863	0.034957	0.012517	-0.0639	-0.31144	0.94811	-0.27135	0.55442	-0.78676	0.049845	0.93954	0.33878	3	2
1.1611	1.5543	0.83341	1.8489	0.019863	0.034957	0.012517	-0.0031835	-0.00013464	-0.036973	-0.016679	-0.034822	0.024456	0.049845	0.93954	0.33878	-0.27135	0.55442	-0.78676	-0.0639	-0.31144	0.94811	3	4
1.6018	1.5332	1.1941	1.6686	-0.0031835	-0.00013464	-0.036973	-0.016679	-0.034822	0.024456	0.019863	0.034957	0.012517	-0.27135	0.55442	-0.78676	-0.0639	-0.31144	0.94811	0.049845	0.93954	0.33878	3	5
1.2215	1.5515	0.8781	1.0011	-0.026158	-0.056117	-0.015217	0.045522	0.018971	0.017612	-0.019365	0.037145	-0.0023949	-0.10424	-0.98307	-0.15066	0.54511	0.71929	0.43068	0.36893	0.92942	-0.0080387	4	2
1.575	0.90001	1.0158	1.3254	-0.019365	0.037145	-0.0023949	-0.026158	-0.056117	-0.015217	0.045522	0.018971	0.017612	0.36893	0.92942	-0.0080387	-0.10424	-0.98307	-0.15066	0.54511	0.71929	0.43068	4	3
1.1406	1.007	1.0946	0.29805	-0.019365	0.037145	-0.0023949	0.045522	0.018971	0.017612	-0.026158	-0.056117	-0.015217	0.36893	0.92942	-0.0080387	0.54511	0.71929	0.43068	-0.10424	-0.98307	-0.15066	4	4
1.3418	0.94057	1.2334	1.2937	0.045522	0.018971	0.017612	-0.026158	-0.056117	-0.015217	-0.019365	0.037145	-0.0023949	0.54511	0.71929	0.43068	-0.10424	-0.98307	-0.15066	0.36893	0.92942	-0.0080387	4	5
1.0319	1.1135	1.2076	0.89114	-0.0062244	-0.060942	-0.0011056	0.054746	0.013244	0.012913	-0.048522	0.047698	-0.011807	0.039968	-0.99918	0.005713	0.81544	0.53395	0.2235	-0.86349	0.33026	-0.3812	5	2
1.0655	1.1872	0.60925	0.67218	-0.048522	0.047698	-0.011807	-0.0062244	-0.060942	-0.0011056	0.054746	0.013244	0.012913	-0.86349	0.33026	-0.3812	0.039968	-0.99918	0.005713	0.81544	0.53395	0.2235	5	3
0.91979	1.2026	1.2253	0.98948	-0.048522	0.047698	-0.011807	0.054746	0.013244	0.012913	-0.0062244	-0.060942	-0.0011056	-0.86349	0.33026	-0.3812	0.81544	0.53395	0.2235	0.039968	-0.99918	0.005713	5	4
1.1195	1.0363	1.1639	0.91992	0.054746	0.013244	0.012913	-0.0062244	-0.060942	-0.0011056	-0.048522	0.047698	-0.011807	0.81544	0.53395	0.2235	0.039968	-0.99918	0.005713	-0.86349	0.33026	-0.3812	5	5
1.2122	0.91602	1.201	1.0134	0.054746	0.013244	0.012913	-0.048522	0.047698	-0.011807	-0.0062244	-0.060942	-0.0011056	0.81544	0.53395	0.2235	-0.86349	0.33026	-0.3812	0.039968	-0.99918	0.005713	5	6
1.5281	1.184	0.87127	1.4564	-0.025709	0.02022	-0.019523	-0.02446	-0.037568	0.022843	0.050169	0.017348	-0.0033204	-0.010758	0.50244	-0.86455	0.11815	-0.21919	0.9685	0.73727	0.64173	-0.21125	6	1
2.0965	1.4952	1.1702	0.50719	0.050169	0.017348	-0.0033204	-0.025709	0.02022	-0.019523	-0.02446	-0.037568	0.022843	0.73727	0.64173	-0.21125	-0.010758	0.50244	-0.86455	0.11815	-0.21919	0.9685	6	5
1.2781	1.7986	0.82499	0.63529	-0.0068105	-0.060785	-0.017647	-0.0055126	0.0193	0.030132	0.012323	0.041485	-0.012485	0.078816	-0.99682	0.011928	-0.10278	0.59465	0.79739	-0.020217	0.99577	-0.08958	7	2
1.2321	1.3821	0.87713	0.2945	0.012323	0.041485	-0.012485	-0.0055126	0.0193	0.030132	-0.0068105	-0.060785	-0.017647	-0.020217	0.99577	-0.08958	-0.10278	0.59465	0.79739	0.078816	-0.99682	0.011928	7	4
1.5505	0.75597	1.3947	1.092	-0.0055126	0.0193	0.030132	-0.0068105	-0.060785	-0.017647	0.012323	0.041485	-0.012485	-0.10278	0.59465	0.79739	0.078816	-0.99682	0.011928	-0.020217	0.99577	-0.08958	7	5
1.431	2.0089	1.4113	1.9583	0.012374	0.0040639	-0.036603	-0.012543	-0.035898	0.02448	0.00016904	0.031834	0.012122	-0.058185	0.67827	-0.73251	-0.22189	-0.29193	0.93034	-0.16612	0.95964	0.22692	9	1
1.2686	1.548	1.0865	0.46279	-0.012543	-0.035898	0.02448	0.00016904	0.031834	0.012122	0.012374	0.0040639	-0.036603	-0.22189	-0.29193	0.93034	-0.16612	0.95964	0.22692	-0.058185	0.67827	-0.73251	9	4
1.577	0.89498	0.55084	0.33098	0.00016904	0.031834	0.012122	0.012374	0.0040639	-0.036603	-0.012543	-0.035898	0.02448	-0.16612	0.95964	0.22692	-0.058185	0.67827	-0.73251	-0.22189	-0.29193	0.93034	9	5
0.95508	1.5826	1.2085	1.2951	-0.0091523	-0.058253	-0.010994	0.0053469	0.032171	-0.014627	0.0038054	0.026081	0.025621	0.0692	-0.99204	0.10521	-0.19904	0.84094	-0.50319	-0.02429	0.73406	0.67865	10	4
1.4964	1.544	0.62261	0.38401	0.0053469	0.032171	-0.014627	0.0038054	0.026081	0.025621	-0.0091523	-0.058253	-0.010994	-0.19904	0.84094	-0.50319	-0.02429	0.73406	0.67865	0.0692	-0.99204	0.10521	10	5
1.6052	0.90503	1.3648	1.2196	0.0053469	0.032171	-0.014627	-0.0091523	-0.058253	-0.010994	0.0038054	0.026081	0.025621	-0.19904	0.84094	-0.50319	0.0692	-0.99204	0.10521	-0.02429	0.73406	0.67865	10	6
1.2293	1.7276	0.88591	0.5695	-0.0071665	-0.056957	-0.020666	-0.0051072	0.014184	0.031629	0.012274	0.042773	-0.010963	0.039862	-0.99918	0.0076119	-0.10365	0.467	0.87816	0.026334	0.97955	0.19947	11	3
1.6355	1.5849	1.7604	1.6392	-0.0071665	-0.056957	-0.020666	0.012274	0.042773	-0.010963	-0.0051072	0.014184	0.031629	0.039862	-0.99918	0.0076119	0.026334	0.97955	0.19947	-0.10365	0.467	0.87816	11	4
1.1194	1.3083	0.99178	0.25597	0.012274	0.042773	-0.010963	-0.0051072	0.014184	0.031629	-0.0071665	-0.056957	-0.020666	0.026334	0.97955	0.19947	-0.10365	0.467	0.87816	0.039862	-0.99918	0.0076119	11	5
1.469	0.97926	1.1319	1.4602	0.012274	0.042773	-0.010963	-0.0071665	-0.056957	-0.020666	-0.0051072	0.014184	0.031629	0.026334	0.97955	0.19947	0.039862	-0.99918	0.0076119	-0.10365	0.467	0.87816	11	6
1.5167	1.0452	0.93303	1.5665	0.012654	0.0048828	-0.038636	-0.038205	-0.036228	0.023062	0.025551	0.031345	0.015574	-0.027287	0.70835	-0.70533	-0.38017	-0.31289	0.87038	0.13761	0.89705	0.41995	12	2
1.2611	1.5045	0.68349	1.7474	0.025551	0.031345	0.015574	0.012654	0.0048828	-0.038636	-0.038205	-0.036228	0.023062	0.13761	0.89705	0.41995	-0.027287	0.70835	-0.70533	-0.38017	-0.31289	0.87038	12	3
1.687	0.73734	0.72435	0.53556	0.025551	0.031345	0.015574	-0.038205	-0.036228	0.023062	0.012654	0.0048828	-0.038636	0.13761	0.89705	0.41995	-0.38017	-0.31289	0.87038	-0.027287	0.70835	-0.70533	12	4
1.1969	1.9997	1.4287	1.9004	-0.038205	-0.036228	0.023062	0.012654	0.0048828	-0.038636	0.025551	0.031345	0.015574	-0.38017	-0.31289	0.87038	-0.027287	0.70835	-0.70533	0.13761	0.89705	0.41995	12	5
1.0549	1.4002	1.1707	0.53261	-0.038205	-0.036228	0.023062	0.025551	0.031345	0.015574	0.012654	0.0048828	-0.038636	-0.38017	-0.31289	0.87038	0.13761	0.89705	0.41995	-0.027287	0.70835	-0.70533	12	6
1.3587	1.3876	0.98669	0.57667	-0.019989	-0.035312	-0.023612	0.048747	0.019554	-0.0080948	-0.028758	0.015757	0.031707	-0.24888	-0.44168	-0.86196	0.66638	0.6549	-0.35643	0.32985	0.47942	0.81324	13	3
1.3766	1.3664	0.8731	1.4618	-0.019989	-0.035312	-0.023612	-0.028758	0.015757	0.031707	0.048747	0.019554	-0.0080948	-0.24888	-0.44168	-0.86196	0.32985	0.47942	0.81324	0.66638	0.6549	-0.35643	13	4
1.2468	1.2218	1.128	0.49258	-0.028758	0.015757	0.031707	0.048747	0.019554	-0.0080948	-0.019989	-0.035312	-0.023612	0.32985	0.47942	0.81324	0.66638	0.6549	-0.35643	-0.24888	-0.44168	-0.86196	13	5
1.4508	1.9415	1.2282	1.7409	-0.028758	0.015757	0.031707	-0.019989	-0.035312	-0.023612	0.048747	0.019554	-0.0080948	0.32985	0.47942	0.81324	-0.24888	-0.44168	-0.86196	0.66638	0.6549	-0.35643	13	6
1.4359	1.9719	0.77158	0.77807	-0.0035581	-0.061281	-0.0026436	-0.0024989	0.031622	-0.015005	0.006057	0.029659	0.017649	0.025888	-0.99953	0.016249	-0.23448	0.81594	-0.52845	-0.091169	0.88158	0.46314	14	2
1.3412	1.3674	0.51316	0.29036	0.006057	0.029659	0.017649	-0.0024989	0.031622	-0.015005	-0.0035581	-0.061281	-0.0026436	-0.091169	0.88158	0.46314	-0.23448	0.81594	-0.52845	0.025888	-0.99953	0.016249	14	4
1.6106	0.84181	1.4357	1.193	-0.0024989	0.031622	-0.015005	-0.0035581	-0.061281	-0.0026436	0.006057	0.029659	0.017649	-0.23448	0.81594	-0.52845	0.025888	-0.99953	0.016249	-0.091169	0.88158	0.46314	14	5
1.5283	1.6539	1.2813	1.7574	0.0092776	0.0030122	-0.034753	-0.014842	-0.035337	0.023873	0.0055643	0.032325	0.01088	-0.14458	0.62692	-0.76555	-0.13574	-0.32265	0.93673	-0.19083	0.95167	0.24064	15	1
1.2875	1.5581	1.1106	0.48663	-0.014842	-0.035337	0.023873	0.0055643	0.032325	0.01088	0.0092776	0.0030122	-0.034753	-0.13574	-0.32265	0.93673	-0.19083	0.95167	0.24064	-0.14458	0.62692	-0.76555	15	4
1.6044	0.91619	0.49153	0.33775	0.0055643	0.032325	0.01088	0.0092776	0.0030122	-0.034753	-0.014842	-0.035337	0.023873	-0.19083	0.95167	0.24064	-0.14458	0.62692	-0.76555	-0.13574	-0.32265	0.93673	15	5
1.2596	1.4753	1.0833	0.42637	-0.015531	-0.033108	0.024265	0.0067469	0.030854	0.017421	0.0087842	0.0022547	-0.041685	-0.12307	-0.39026	0.91244	-0.097741	0.87974	0.4653	-0.021454	0.73577	-0.67689	17	2
1.4447	1.9943	1.4615	1.9212	0.0087842	0.0022547	-0.041685	-0.015531	-0.033108	0.024265	0.0067469	0.030854	0.017421	-0.021454	0.73577	-0.67689	-0.12307	-0.39026	0.91244	-0.097741	0.87974	0.4653	17	3
1.1983	1.3749	1.161	0.37185	0.0087842	0.0022547	-0.041685	0.0067469	0.030854	0.017421	-0.015531	-0.033108	0.024265	-0.021454	0.73577	-0.67689	-0.097741	0.87974	0.4653	-0.12307	-0.39026	0.91244	17	4
1.6518	0.83874	0.56618	0.38948	0.0067469	0.030854	0.017421	0.0087842	0.0022547	-0.041685	-0.015531	-0.033108	0.024265	-0.097741	0.87974	0.4653	-0.021454	0.73577	-0.67689	-0.12307	-0.39026	0.91244	17	6
1.3751	0.96121	1.3346	1.1337	-0.041535	0.005842	-0.023891	0.02144	-0.044019	0.037805	0.020096	0.038177	-0.013914	-0.52375	0.08151	-0.84796	0.20496	-0.62337	0.75458	0.33163	0.85614	-0.39629	18	2
1.1397	1.1054	0.37128	0.36287	0.020096	0.038177	-0.013914	-0.041535	0.005842	-0.023891	0.02144	-0.044019	0.037805	0.33163	0.85614	-0.39629	-0.52375	0.08151	-0.84796	0.20496	-0.62337	0.75458	18	3
1.4203	0.93032	1.3212	1.1022	0.020096	0.038177	-0.013914	0.02144	-0.044019	0.037805	-0.041535	0.005842	-0.023891	0.33163	0.85614	-0.39629	0.20496	-0.62337	0.75458	-0.52375	0.08151	-0.84796	18	4
1.0244	1.3854	1.1448	1.2085	0.02144	-0.044019	0.037805	-0.041535	0.005842	-0.023891	0.020096	0.038177	-0.013914	0.20496	-0.62337	0.75458	-0.52375	0.08151	-0.84796	0.33163	0.85614	-0.39629	18	5
1.1471	1.5674	0.95818	1.0553	0.02144	-0.044019	0.037805	0.020096	0.038177	-0.013914	-0.041535	0.005842	-0.023891	0.20496	-0.62337	0.75458	0.33163	0.85614	-0.39629	-0.52375	0.08151	-0.84796	18	6
1.4927	1.4359	1.2161	1.641	0.022996	0.0094721	-0.032734	-0.011806	-0.03947	0.023002	-0.01119	0.029998	0.009732	0.18579	0.46162	-0.8674	-0.26606	-0.16511	0.94971	-0.093487	0.974	0.20635	19	2
1.8229	0.84004	0.49694	0.46462	-0.01119	0.029998	0.009732	-0.011806	-0.03947	0.023002	0.022996	0.0094721	-0.032734	-0.093487	0.974	0.20635	-0.26606	-0.16511	0.94971	0.18579	0.46162	-0.8674	19	4
1.4955	1.9556	1.6481	1.8142	-0.011806	-0.03947	0.023002	0.022996	0.0094721	-0.032734	-0.01119	0.029998	0.009732	-0.26606	-0.16511	0.94971	0.18579	0.46162	-0.8674	-0.093487	0.974	0.20635	19	5
1.237	1.5294	1.0938	0.44015	-0.011806	-0.03947	0.023002	-0.01119	0.029998	0.009732	0.022996	0.0094721	-0.032734	-0.26606	-0.16511	0.94971	-0.093487	0.974	0.20635	0.18579	0.46162	-0.8674	19	6
1.063	1.0772	1.7318	0.87192	0.036499	0.028426	0.008167	-0.016554	-0.034536	0.023553	-0.019945	0.0061102	-0.03172	0.46818	0.86823	0.16428	-0.086977	-0.35643	0.93027	-0.22212	0.30607	-0.92573	20	2
1.5207	1.4841	0.90026	0.54309	-0.019945	0.0061102	-0.03172	0.036499	0.028426	0.008167	-0.016554	-0.034536	0.023553	-0.22212	0.30607	-0.92573	0.46818	0.86823	0.16428	-0.086977	-0.35643	0.93027	20	3
1.4623	1.228	1.0844	1.2858	-0.019945	0.0061102	-0.03172	-0.016554	-0.034536	0.023553	0.036499	0.028426	0.008167	-0.22212	0.30607	-0.92573	-0.086977	-0.35643	0.93027	0.46818	0.86823	0.16428	20	4
1.4618	1.5473	0.97007	0.63026	-0.016554	-0.034536	0.023553	0.036499	0.028426	0.008167	-0.019945	0.0061102	-0.03172	-0.086977	-0.35643	0.93027	0.46818	0.86823	0.16428	-0.22212	0.30607	-0.92573	20	5
1.2995	1.4575	1.0886	1.3216	-0.016554	-0.034536	0.023553	-0.019945	0.0061102	-0.03172	0.036499	0.028426	0.008167	-0.086977	-0.35643	0.93027	-0.22212	0.30607	-0.92573	0.46818	0.86823	0.16428	20	6
1.158	1.0008	1.5605	1.0892	0.049223	0.019551	0.0096087	-0.045783	-0.025814	0.024217	-0.0034398	0.0062633	-0.033825	0.69517	0.70437	0.14353	-0.53695	-0.41057	0.73697	-0.093283	0.48601	-0.86896	21	2
1.6071	1.4114	0.69449	0.53756	-0.0034398	0.0062633	-0.033825	0.049223	0.019551	0.0096087	-0.045783	-0.025814	0.024217	-0.093283	0.48601	-0.86896	0.69517	0.70437	0.14353	-0.53695	-0.41057	0.73697	21	3
1.5917	0.92788	1.1529	1.1523	-0.0034398	0.0062633	-0.033825	-0.045783	-0.025814	0.024217	0.049223	0.019551	0.0096087	-0.093283	0.48601	-0.86896	-0.53695	-0.41057	0.73697	0.69517	0.70437	0.14353	21	4
1.4165	1.6283	0.92021	0.83321	-0.045783	-0.025814	0.024217	0.049223	0.019551	0.0096087	-0.0034398	0.0062633	-0.033825	-0.53695	-0.41057	0.73697	0.69517	0.70437	0.14353	-0.093283	0.48601	-0.86896	21	5
0.96873	1.5677	1.0391	1.207	-0.045783	-0.025814	0.024217	-0.0034398	0.0062633	-0.033825	0.049223	0.019551	0.0096087	-0.53695	-0.41057	0.73697	-0.093283	0.48601	-0.86896	0.69517	0.70437	0.14353	21	6
1.2757	1.3644	0.28625	0.5012	-0.027108	0.031445	-0.021376	0.024705	0.023806	0.026867	0.0024029	-0.055252	-0.0054904	0.10209	0.58172	-0.80696	0.063259	0.55371	0.8303	-0.057238	-0.99718	0.048636	22	2
1.2385	1.5016	0.60062	0.72898	0.0024029	-0.055252	-0.0054904	0.024705	0.023806	0.026867	-0.027108	0.031445	-0.021376	-0.057238	-0.99718	0.048636	0.063259	0.55371	0.8303	0.10209	0.58172	-0.80696	22	4
1.3541	1.2599	0.30279	0.49939	0.024705	0.023806	0.026867	-0.027108	0.031445	-0.021376	0.0024029	-0.055252	-0.0054904	0.063259	0.55371	0.8303	0.10209	0.58172	-0.80696	-0.057238	-0.99718	0.048636	22	5
1.3813	1.0826	1.0787	0.82627	0.024705	0.023806	0.026867	0.0024029	-0.055252	-0.0054904	-0.027108	0.031445	-0.021376	0.063259	0.55371	0.8303	-0.057238	-0.99718	0.048636	0.10209	0.58172	-0.80696	22	6
1.0063	1.6228	1.0448	1.2216	-0.015941	-0.053088	0.021047	-0.016016	0.031334	0.0043796	0.031957	0.021754	-0.025427	-0.10199	-0.9158	0.38848	-0.0029127	0.9925	0.12223	0.25951	0.49185	-0.8311	23	4
1.4472	1.3675	0.65287	0.41174	-0.016016	0.031334	0.0043796	0.031957	0.021754	-0.025427	-0.015941	-0.053088	0.021047	-0.0029127	0.9925	0.12223	0.25951	0.49185	-0.8311	-0.10199	-0.9158	0.38848	23	5
1.6046	0.90991	1.2834	1.158	-0.016016	0.031334	0.0043796	-0.015941	-0.053088	0.021047	0.031957	0.021754	-0.025427	-0.0029127	0.9925	0.12223	-0.10199	-0.9158	0.38848	0.25951	0.49185	-0.8311	23	6
1.2258	1.462	0.82316	0.83224	-0.0043412	-0.055243	-0.01745	-0.0060467	0.010802	0.033508	0.010388	0.044441	-0.016059	-0.076856	-0.99158	0.10424	-0.11938	0.36408	0.92369	0.29314	0.86962	0.39728	24	2
1.2873	1.508	1.1421	1.7649	0.010388	0.044441	-0.016059	-0.0043412	-0.055243	-0.01745	-0.0060467	0.010802	0.033508	0.29314	0.86962	0.39728	-0.076856	-0.99158	0.10424	-0.11938	0.36408	0.92369	24	3
0.83423	1.3016	0.68603	0.25593	0.010388	0.044441	-0.016059	-0.0060467	0.010802	0.033508	-0.0043412	-0.055243	-0.01745	0.29314	0.86962	0.39728	-0.11938	0.36408	0.92369	-0.076856	-0.99158	0.10424	24	4
1.5419	0.97345	1.0693	1.4427	-0.0040809	-0.0029264	-0.040065	0.026766	-0.02862	0.044341	-0.022685	0.031546	-0.0042754	-0.45876	0.37704	-0.8046	0.26409	-0.17071	0.94927	0.22429	0.95878	-0.17446	25	2
1.3731	0.81611	0.53929	0.27904	-0.022685	0.031546	-0.0042754	-0.0040809	-0.0029264	-0.040065	0.026766	-0.02862	0.044341	0.22429	0.95878	-0.17446	-0.45876	0.37704	-0.8046	0.26409	-0.17071	0.94927	25	3
1.8699	0.76697	0.55132	0.59414	-0.022685	0.031546	-0.0042754	0.026766	-0.02862	0.044341	-0.0040809	-0.0029264	-0.040065	0.22429	0.95878	-0.17446	0.26409	-0.17071	0.94927	-0.45876	0.37704	-0.8046	25	4
1.3919	1.9157	1.6894	1.706	0.026766	-0.02862	0.044341	-0.0040809	-0.0029264	-0.040065	-0.022685	0.031546	-0.0042754	0.26409	-0.17071	0.94927	-0.45876	0.37704	-0.8046	0.22429	0.95878	-0.17446	25	5
1.1885	1.5958	1.0428	0.58361	0.026766	-0.02862	0.044341	-0.022685	0.031546	-0.0042754	-0.0040809	-0.0029264	-0.040065	0.26409	-0.17071	0.94927	0.22429	0.95878	-0.17446	-0.45876	0.37704	-0.8046	25	6
1.3647	0.99312	1.3706	1.1659	0.032772	0.020447	-0.027803	-0.0073772	-0.052588	0.0258	-0.025395	0.032141	0.0020038	0.23707	0.42055	-0.87575	-0.20673	-0.87329	0.44118	0.40133	0.91269	0.077001	26	2
1.2385	1.2345	0.50304	0.37578	-0.025395	0.032141	0.0020038	0.032772	0.020447	-0.027803	-0.0073772	-0.052588	0.0258	0.40133	0.91269	0.077001	0.23707	0.42055	-0.87575	-0.20673	-0.87329	0.44118	26	3
1.5019	0.95777	1.257	1.1658	-0.025395	0.032141	0.0020038	-0.0073772	-0.052588	0.0258	0.032772	0.020447	-0.027803	0.40133	0.91269	0.077001	-0.20673	-0.87329	0.44118	0.23707	0.42055	-0.87575	26	4
1.1959	1.5101	1.0089	1.1255	-0.0073772	-0.052588	0.0258	0.032772	0.020447	-0.027803	-0.025395	0.032141	0.0020038	-0.20673	-0.87329	0.44118	0.23707	0.42055	-0.87575	0.40133	0.91269	0.077001	26	5
1.0231	1.4985	1.0428	1.2633	-0.0073772	-0.052588	0.0258	-0.025395	0.032141	0.0020038	0.032772	0.020447	-0.027803	-0.20673	-0.87329	0.44118	0.40133	0.91269	0.077001	0.23707	0.42055	-0.87575	26	6
1.5585	1.8381	1.4843	1.9329	-0.014429	-0.034319	0.024798	0.0083819	0.00030643	-0.040186	0.0060474	0.034013	0.015387	-0.14783	-0.33848	0.92929	-0.004494	0.76649	-0.64224	-0.13288	0.89505	0.42571	27	1
1.2155	1.4272	1.14	0.4365	-0.014429	-0.034319	0.024798	0.0060474	0.034013	0.015387	0.0083819	0.00030643	-0.040186	-0.14783	-0.33848	0.92929	-0.13288	0.89505	0.42571	-0.004494	0.76649	-0.64224	27	2
1.4514	1.9571	1.366	1.9853	0.0083819	0.00030643	-0.040186	-0.014429	-0.034319	0.024798	0.0060474	0.034013	0.015387	-0.004494	0.76649	-0.64224	-0.14783	-0.33848	0.92929	-0.13288	0.89505	0.42571	27	3
1.1794	1.3102	1.1875	0.35386	0.0083819	0.00030643	-0.040186	0.0060474	0.034013	0.015387	-0.014429	-0.034319	0.024798	-0.004494	0.76649	-0.64224	-0.13288	0.89505	0.42571	-0.14783	-0.33848	0.92929	27	4
1.5858	0.8685	0.6621	0.33422	0.0060474	0.034013	0.015387	0.0083819	0.00030643	-0.040186	-0.014429	-0.034319	0.024798	-0.13288	0.89505	0.42571	-0.004494	0.76649	-0.64224	-0.14783	-0.33848	0.92929	27	6
1.0666	1.3546	1.1456	1.1409	-0.013035	-0.054336	-0.0085024	-0.026418	0.031999	-0.018627	0.039453	0.022337	0.02713	-0.058623	-0.9963	0.06278	0.15727	0.69585	-0.70076	0.29109	0.67478	0.67819	28	2
1.299	1.3408	0.52054	0.53286	0.039453	0.022337	0.02713	-0.026418	0.031999	-0.018627	-0.013035	-0.054336	-0.0085024	0.29109	0.67478	0.67819	0.15727	0.69585	-0.70076	-0.058623	-0.9963	0.06278	28	4
1.3681	1.0345	1.2583	1.078	-0.026418	0.031999	-0.018627	-0.013035	-0.054336	-0.0085024	0.039453	0.022337	0.02713	0.15727	0.69585	-0.70076	-0.058623	-0.9963	0.06278	0.29109	0.67478	0.67819	28	5
1.5539	1.8455	0.42941	0.58612	0.010407	0.044017	-0.016053	-0.0055997	0.011119	0.03304	-0.004807	-0.055136	-0.016987	-0.27412	0.67413	-0.68586	-0.11193	0.37429	0.92053	-0.080003	-0.99041	0.11265	29	2
1.3981	1.8157	0.70924	0.6556	-0.004807	-0.055136	-0.016987	-0.0055997	0.011119	0.03304	0.010407	0.044017	-0.016053	-0.080003	-0.99041	0.11265	-0.11193	0.37429	0.92053	-0.27412	0.67413	-0.68586	29	4
1.4926	1.1078	0.41119	0.4666	-0.0055997	0.011119	0.03304	0.010407	0.044017	-0.016053	-0.004807	-0.055136	-0.016987	-0.11193	0.37429	0.92053	-0.27412	0.67413	-0.68586	-0.080003	-0.99041	0.11265	29	5
1.5433	1.2233	0.2465	0.53562	-0.0055997	0.011119	0.03304	-0.004807	-0.055136	-0.016987	0.010407	0.044017	-0.016053	-0.11193	0.37429	0.92053	-0.080003	-0.99041	0.11265	-0.27412	0.67413	-0.68586	29	6
1.5719	0.96771	1.0985	1.4081	-0.006241	-0.0020353	-0.03909	0.027403	-0.031382	0.043008	-0.021162	0.033418	-0.0039178	-0.41303	0.37775	-0.82868	0.31825	-0.30464	0.89773	0.25303	0.95793	-0.13543	30	1
1.2152	1.6224	1.0255	0.60843	0.027403	-0.031382	0.043008	-0.021162	0.033418	-0.0039178	-0.006241	-0.0020353	-0.03909	0.31825	-0.30464	0.89773	0.25303	0.95793	-0.13543	-0.41303	0.37775	-0.82868	30	4
1.3717	0.83266	0.48077	0.28406	-0.021162	0.033418	-0.0039178	-0.006241	-0.0020353	-0.03909	0.027403	-0.031382	0.043008	0.25303	0.95793	-0.13543	-0.41303	0.37775	-0.82868	0.31825	-0.30464	0.89773	30	5
1.7801	0.78387	0.72972	0.70849	-0.021162	0.033418	-0.0039178	0.027403	-0.031382	0.043008	-0.006241	-0.0020353	-0.03909	0.25303	0.95793	-0.13543	0.31825	-0.30464	0.89773	-0.41303	0.37775	-0.82868	30	6
1.6384	0.86099	0.90652	1.4369	-0.026043	0.0031744	-0.026601	0.015765	-0.047606	0.042611	0.010278	0.044432	-0.01601	-0.31075	0.22703	-0.92298	0.0011447	-0.49726	0.8676	-0.63662	0.52856	0.56155	31	2
1.0136	1.2484	1.2684	0.87259	0.010278	0.044432	-0.01601	-0.026043	0.0031744	-0.026601	0.015765	-0.047606	0.042611	-0.63662	0.52856	0.56155	-0.31075	0.22703	-0.92298	0.0011447	-0.49726	0.8676	31	3
1.5221	0.92935	0.47016	0.60002	0.010278	0.044432	-0.01601	0.015765	-0.047606	0.042611	-0.026043	0.0031744	-0.026601	-0.63662	0.52856	0.56155	0.0011447	-0.49726	0.8676	-0.31075	0.22703	-0.92298	31	4
0.6143	2.5987	1.4143	1.8415	0.015765	-0.047606	0.042611	-0.026043	0.0031744	-0.026601	0.010278	0.044432	-0.01601	0.0011447	-0.49726	0.8676	-0.31075	0.22703	-0.92298	-0.63662	0.52856	0.56155	31	5
1.3954	1.0024	1.338	1.1965	0.011491	0.043095	-0.01533	-0.0082029	-0.055151	-0.022742	-0.0032877	0.012055	0.038071	0.067177	0.94039	-0.3334	-0.026698	-0.98582	-0.16567	-0.053261	0.42319	0.90448	32	2
1.312	1.0519	0.32046	0.36843	-0.0032877	0.012055	0.038071	0.011491	0.043095	-0.01533	-0.0082029	-0.055151	-0.022742	-0.053261	0.42319	0.90448	0.067177	0.94039	-0.3334	-0.026698	-0.98582	-0.16567	32	3
1.4416	0.86447	1.4447	0.9773	-0.0032877	0.012055	0.038071	-0.0082029	-0.055151	-0.022742	0.011491	0.043095	-0.01533	-0.053261	0.42319	0.90448	-0.026698	-0.98582	-0.16567	0.067177	0.94039	-0.3334	32	4
1.0414	1.3734	1.2307	1.2547	-0.0082029	-0.055151	-0.022742	0.011491	0.043095	-0.01533	-0.0032877	0.012055	0.038071	-0.026698	-0.98582	-0.16567	0.067177	0.94039	-0.3334	-0.053261	0.42319	0.90448	32	5
1.422	1.8338	0.68396	0.70401	-0.0082029	-0.055151	-0.022742	-0.0032877	0.012055	0.038071	0.011491	0.043095	-0.01533	-0.026698	-0.98582	-0.16567	-0.053261	0.42319	0.90448	0.067177	0.94039	-0.3334	32	6
1.1168	0.89747	0.55536	0.55076	0.0025305	-0.059235	-0.0024715	-0.049319	0.0452	-0.020546	0.046788	0.014035	0.023017	0.0046528	-0.99897	0.045201	-0.90236	-0.1898	-0.38694	0.56109	0.61203	0.55732	33	2
1.3552	0.9359	0.93274	1.2627	0.046788	0.014035	0.023017	-0.049319	0.0452	-0.020546	0.0025305	-0.059235	-0.0024715	0.56109	0.61203	0.55732	-0.90236	-0.1898	-0.38694	0.0046528	-0.99897	0.045201	33	4
0.9633	1.1817	0.90847	0.61856	-0.049319	0.0452	-0.020546	0.0025305	-0.059235	-0.0024715	0.046788	0.014035	0.023017	-0.90236	-0.1898	-0.38694	0.0046528	-0.99897	0.045201	0.56109	0.61203	0.55732	33	5
0.95093	1.3162	1.0612	1.1696	-0.049319	0.0452	-0.020546	0.046788	0.014035	0.023017	0.0025305	-0.059235	-0.0024715	-0.90236	-0.1898	-0.38694	0.56109	0.61203	0.55732	0.0046528	-0.99897	0.045201	33	6
1.2546	1.6951	0.88115	0.57017	-0.009801	-0.05552	-0.019564	-0.002533	0.012804	0.033997	0.012334	0.042716	-0.014433	-0.017805	-0.99473	0.101	-0.049169	0.42481	0.90395	0.1336	0.97826	-0.15863	34	3
1.2199	1.5113	1.2847	1.4842	-0.009801	-0.05552	-0.019564	0.012334	0.042716	-0.014433	-0.002533	0.012804	0.033997	-0.017805	-0.99473	0.101	0.1336	0.97826	-0.15863	-0.049169	0.42481	0.90395	34	4
1.2876	1.4842	0.84432	0.36785	0.012334	0.042716	-0.014433	-0.002533	0.012804	0.033997	-0.009801	-0.05552	-0.019564	0.1336	0.97826	-0.15863	-0.049169	0.42481	0.90395	-0.017805	-0.99473	0.101	34	5
1.4374	1.0319	1.1755	1.3899	0.012334	0.042716	-0.014433	-0.009801	-0.05552	-0.019564	-0.002533	0.012804	0.033997	0.1336	0.97826	-0.15863	-0.017805	-0.99473	0.101	-0.049169	0.42481	0.90395	34	6
1.3165	1.7521	0.88213	0.64917	-0.0071243	-0.051461	0.029041	-0.015506	0.034567	0.00087219	0.02263	0.016894	-0.029914	-0.39412	-0.50202	0.76983	0.081281	0.99466	0.063649	0.1017	0.40469	-0.90878	35	3
1.1613	1.5713	1.2739	1.4447	-0.0071243	-0.051461	0.029041	0.02263	0.016894	-0.029914	-0.015506	0.034567	0.00087219	-0.39412	-0.50202	0.76983	0.1017	0.40469	-0.90878	0.081281	0.99466	0.063649	35	4
1.3649	1.4579	0.82068	0.36345	0.02263	0.016894	-0.029914	-0.015506	0.034567	0.00087219	-0.0071243	-0.051461	0.029041	0.1017	0.40469	-0.90878	0.081281	0.99466	0.063649	-0.39412	-0.50202	0.76983	35	5
1.5237	0.97063	1.2174	1.3335	0.02263	0.016894	-0.029914	-0.0071243	-0.051461	0.029041	-0.015506	0.034567	0.00087219	0.1017	0.40469	-0.90878	-0.39412	-0.50202	0.76983	0.081281	0.99466	0.063649	35	6
1.2145	0.70359	1.1439	0.82011	0.051618	-0.0043773	0.029829	-0.041248	0.061721	-0.010448	-0.01037	-0.057344	-0.019381	0.72966	0.12303	0.67265	-0.53377	0.83124	-0.15532	0.06558	-0.99647	0.052486	36	2
1.2596	1.355	0.60537	0.57004	-0.01037	-0.057344	-0.019381	0.051618	-0.0043773	0.029829	-0.041248	0.061721	-0.010448	0.06558	-0.99647	0.052486	0.72966	0.12303	0.67265	-0.53377	0.83124	-0.15532	36	3
1.286	0.89504	1.0115	1.22	-0.01037	-0.057344	-0.019381	-0.041248	0.061721	-0.010448	0.051618	-0.0043773	0.029829	0.06558	-0.99647	0.052486	-0.53377	0.83124	-0.15532	0.72966	0.12303	0.67265	36	4
1.1269	1.4556	0.7618	0.72917	-0.041248	0.061721	-0.010448	0.051618	-0.0043773	0.029829	-0.01037	-0.057344	-0.019381	-0.53377	0.83124	-0.15532	0.72966	0.12303	0.67265	0.06558	-0.99647	0.052486	36	5
0.92507	1.2648	0.95862	1.2467	-0.041248	0.061721	-0.010448	-0.01037	-0.057344	-0.019381	0.051618	-0.0043773	0.029829	-0.53377	0.83124	-0.15532	0.06558	-0.99647	0.052486	0.72966	0.12303	0.67265	36	6
1.5561	1.0557	0.92522	1.411	-0.0034726	0.0036696	-0.036388	-0.035404	-0.031088	0.025344	0.038876	0.027418	0.011045	-0.18386	0.56472	-0.80454	-0.094309	-0.3097	0.94614	0.49035	0.8348	0.25033	37	2
1.1099	0.89542	1.6091	0.92995	0.038876	0.027418	0.011045	-0.035404	-0.031088	0.025344	-0.0034726	0.0036696	-0.036388	0.49035	0.8348	0.25033	-0.094309	-0.3097	0.94614	-0.18386	0.56472	-0.80454	37	4
1.2978	2.1333	1.4899	1.7828	-0.035404	-0.031088	0.025344	-0.0034726	0.0036696	-0.036388	0.038876	0.027418	0.011045	-0.094309	-0.3097	0.94614	-0.18386	0.56472	-0.80454	0.49035	0.8348	0.25033	37	5
1.2059	1.3909	1.1747	0.60628	-0.035404	-0.031088	0.025344	0.038876	0.027418	0.011045	-0.0034726	0.0036696	-0.036388	-0.094309	-0.3097	0.94614	0.49035	0.8348	0.25033	-0.18386	0.56472	-0.80454	37	6
0.31746	2.7737	1.2393	2.0118	0.021936	-0.050595	0.039829	-0.032054	0.0060762	-0.023752	0.010118	0.044519	-0.016078	0.23147	-0.58954	0.77387	-0.36471	0.21823	-0.90519	-0.62404	-0.64083	0.44711	38	2
1.3588	0.85851	0.58496	0.51819	0.010118	0.044519	-0.016078	0.021936	-0.050595	0.039829	-0.032054	0.0060762	-0.023752	-0.62404	-0.64083	0.44711	0.23147	-0.58954	0.77387	-0.36471	0.21823	-0.90519	38	3
1.605	0.85512	0.75316	1.5663	-0.032054	0.0060762	-0.023752	0.021936	-0.050595	0.039829	0.010118	0.044519	-0.016078	-0.36471	0.21823	-0.90519	0.23147	-0.58954	0.77387	-0.62404	-0.64083	0.44711	38	5
1.5408	1.5512	0.51631	0.46512	-0.032054	0.0060762	-0.023752	0.010118	0.044519	-0.016078	0.021936	-0.050595	0.039829	-0.36471	0.21823	-0.90519	-0.62404	-0.64083	0.44711	0.23147	-0.58954	0.77387	38	6
1.673	1.1574	1.3294	1.5959	-0.022462	0.019368	-0.020798	-0.027976	-0.036811	0.023513	0.050438	0.017444	-0.0027143	0.039659	0.5192	-0.85373	0.11792	-0.21557	0.96934	0.74231	0.64267	-0.18961	39	1
2.3394	1.4977	1.1762	0.51334	0.050438	0.017444	-0.0027143	-0.022462	0.019368	-0.020798	-0.027976	-0.036811	0.023513	0.74231	0.64267	-0.18961	0.039659	0.5192	-0.85373	0.11792	-0.21557	0.96934	39	5
1.2976	1.1666	0.97729	0.95217	-0.00010932	0.043743	-0.012799	0.042452	0.016509	-0.015494	-0.042342	-0.060252	0.028292	-0.93984	0.13706	0.31293	0.53301	0.53597	-0.6547	-0.32245	-0.7562	0.56938	40	3
1.3483	0.97641	1.0058	0.71824	-0.00010932	0.043743	-0.012799	-0.042342	-0.060252	0.028292	0.042452	0.016509	-0.015494	-0.93984	0.13706	0.31293	-0.32245	-0.7562	0.56938	0.53301	0.53597	-0.6547	40	4
0.76292	1.509	1.1732	1.2766	-0.042342	-0.060252	0.028292	0.042452	0.016509	-0.015494	-0.00010932	0.043743	-0.012799	-0.32245	-0.7562	0.56938	0.53301	0.53597	-0.6547	-0.93984	0.13706	0.31293	40	5
1.4519	1.9047	0.77584	0.73726	0.013186	-0.055897	0.0071606	0.0055321	0.028263	-0.021951	-0.018718	0.027634	0.01479	0.084714	-0.99509	0.051178	-0.15955	0.57315	-0.80377	-0.1115	0.89229	0.43747	41	2
1.4899	1.5787	0.5396	0.41203	-0.018718	0.027634	0.01479	0.0055321	0.028263	-0.021951	0.013186	-0.055897	0.0071606	-0.1115	0.89229	0.43747	-0.15955	0.57315	-0.80377	0.084714	-0.99509	0.051178	41	4
1.5046	0.87684	1.5354	1.0334	0.0055321	0.028263	-0.021951	0.013186	-0.055897	0.0071606	-0.018718	0.027634	0.01479	-0.15955	0.57315	-0.80377	0.084714	-0.99509	0.051178	-0.1115	0.89229	0.43747	41	5
1.0659	1.7436	0.98778	1.1469	0.006019	-0.061643	0.00076049	-0.014623	0.026967	0.016186	0.0086044	0.034676	-0.016947	0.034381	-0.99785	0.055716	-0.1717	0.88992	0.42257	-0.20999	0.71977	-0.66169	42	2
1.3968	1.4444	0.56444	0.35996	0.0086044	0.034676	-0.016947	-0.014623	0.026967	0.016186	0.006019	-0.061643	0.00076049	-0.20999	0.71977	-0.66169	-0.1717	0.88992	0.42257	0.034381	-0.99785	0.055716	42	4
1.6369	0.85116	1.3448	1.2037	-0.014623	0.026967	0.016186	0.006019	-0.061643	0.00076049	0.0086044	0.034676	-0.016947	-0.1717	0.88992	0.42257	0.034381	-0.99785	0.055716	-0.20999	0.71977	-0.66169	42	5
1.5516	1.928	1.6431	1.7827	-0.0077089	-0.039873	0.024871	0.026973	0.0084312	-0.028085	-0.019264	0.031442	0.0032136	-0.46414	-0.10093	0.87999	0.33707	0.3736	-0.86418	0.090731	0.98972	0.11057	44	2
1.606	0.86315	0.48462	0.36886	-0.019264	0.031442	0.0032136	0.026973	0.0084312	-0.028085	-0.0077089	-0.039873	0.024871	0.090731	0.98972	0.11057	0.33707	0.3736	-0.86418	-0.46414	-0.10093	0.87999	44	4
1.4701	1.2553	1.0692	1.531	0.026973	0.0084312	-0.028085	-0.0077089	-0.039873	0.024871	-0.019264	0.031442	0.0032136	0.33707	0.3736	-0.86418	-0.46414	-0.10093	0.87999	0.090731	0.98972	0.11057	44	5
1.3403	1.5857	0.8684	0.62279	0.047187	0.021323	-0.0051912	-0.029618	0.0095927	-0.024837	-0.017569	-0.030916	0.030029	0.65836	0.70398	-0.26642	-0.27093	0.27613	-0.92214	-0.036422	-0.31491	0.94842	45	5
1.0843	1.1686	1.5582	1.0058	0.047187	0.021323	-0.0051912	-0.017569	-0.030916	0.030029	-0.029618	0.0095927	-0.024837	0.65836	0.70398	-0.26642	-0.036422	-0.31491	0.94842	-0.27093	0.27613	-0.92214	45	6
1.42	1.9152	0.81289	0.77736	0.0066413	-0.061411	0.0017489	-0.013895	0.030968	-0.016605	0.0072538	0.030442	0.014857	0.044041	-0.99756	0.054182	0.013365	0.75114	-0.66001	-0.11486	0.9184	0.3786	46	4
1.3708	1.3709	0.50497	0.32584	-0.013895	0.030968	-0.016605	0.0072538	0.030442	0.014857	0.0066413	-0.061411	0.0017489	0.013365	0.75114	-0.66001	-0.11486	0.9184	0.3786	0.044041	-0.99756	0.054182	46	5
1.5498	0.84736	1.4815	1.16	-0.013895	0.030968	-0.016605	0.0066413	-0.061411	0.0017489	0.0072538	0.030442	0.014857	0.013365	0.75114	-0.66001	0.044041	-0.99756	0.054182	-0.11486	0.9184	0.3786	46	6
1.549	1.1358	1.069	1.4939	0.0083203	0.002498	-0.032465	-0.014963	-0.035389	0.025802	0.0066425	0.032891	0.0066634	-0.11101	0.49597	-0.86122	-0.10774	-0.25317	0.9614	-0.22605	0.97071	0.081444	47	2
1.5656	1.9858	1.7565	1.7862	-0.014963	-0.035389	0.025802	0.0083203	0.002498	-0.032465	0.0066425	0.032891	0.0066634	-0.10774	-0.25317	0.9614	-0.11101	0.49597	-0.86122	-0.22605	0.97071	0.081444	47	5
1.3122	1.6059	1.1078	0.51991	-0.014963	-0.035389	0.025802	0.0066425	0.032891	0.0066634	0.0083203	0.002498	-0.032465	-0.10774	-0.25317	0.9614	-0.22605	0.97071	0.081444	-0.11101	0.49597	-0.86122	47	6
1.2964	1.7037	0.86846	0.67498	-0.0086225	-0.056921	-0.020998	0.026846	0.018224	0.026865	-0.018224	0.038698	-0.0058676	0.045737	-0.99888	-0.011923	0.11378	0.4957	0.86101	0.37634	0.91626	-0.13728	48	2
1.313	1.386	0.82012	0.37983	-0.018224	0.038698	-0.0058676	0.026846	0.018224	0.026865	-0.0086225	-0.056921	-0.020998	0.37634	0.91626	-0.13728	0.11378	0.4957	0.86101	0.045737	-0.99888	-0.011923	48	4
1.3946	0.82668	1.431	1.0801	0.026846	0.018224	0.026865	-0.0086225	-0.056921	-0.020998	-0.018224	0.038698	-0.0058676	0.11378	0.4957	0.86101	0.045737	-0.99888	-0.011923	0.37634	0.91626	-0.13728	48	5
1.0351	1.3939	1.1094	1.1672	-0.0094014	-0.059949	-0.0058182	0.031282	0.031111	-0.018649	-0.021881	0.028838	0.024468	0.071752	-0.99587	0.055714	0.4255	0.69703	-0.57715	0.18367	0.7155	0.67403	49	2
1.4115	0.90568	1.3063	1.1164	-0.021881	0.028838	0.024468	-0.0094014	-0.059949	-0.0058182	0.031282	0.031111	-0.018649	0.18367	0.7155	0.67403	0.071752	-0.99587	0.055714	0.4255	0.69703	-0.57715	49	3
1.1477	1.1119	0.42702	0.3571	-0.021881	0.028838	0.024468	0.031282	0.031111	-0.018649	-0.0094014	-0.059949	-0.0058182	0.18367	0.7155	0.67403	0.4255	0.69703	-0.57715	0.071752	-0.99587	0.055714	49	4
1.3426	0.94597	1.3353	1.1533	0.031282	0.031111	-0.018649	-0.0094014	-0.059949	-0.0058182	-0.021881	0.028838	0.024468	0.4255	0.69703	-0.57715	0.071752	-0.99587	0.055714	0.18367	0.7155	0.67403	49	5
1.2157	1.3412	1.0969	0.29533	0.026962	0.0081173	-0.027339	-0.016686	0.030073	-0.0042921	-0.010275	-0.03819	0.031631	0.34957	0.36907	-0.86116	-0.0078562	0.9862	-0.16538	-0.43452	0.045318	0.89952	50	3
1.4828	1.1709	1.0472	1.5803	0.026962	0.0081173	-0.027339	-0.010275	-0.03819	0.031631	-0.016686	0.030073	-0.0042921	0.34957	0.36907	-0.86116	-0.43452	0.045318	0.89952	-0.0078562	0.9862	-0.16538	50	4
1.2133	1.5605	1.0936	0.48847	-0.010275	-0.03819	0.031631	-0.016686	0.030073	-0.0042921	0.026962	0.0081173	-0.027339	-0.43452	0.045318	0.89952	-0.0078562	0.9862	-0.16538	0.34957	0.36907	-0.86116	50	5
1.5239	1.8533	1.6573	1.8338	-0.010275	-0.03819	0.031631	0.026962	0.0081173	-0.027339	-0.016686	0.030073	-0.0042921	-0.43452	0.045318	0.89952	0.34957	0.36907	-0.86116	-0.0078562	0.9862	-0.16538	50	6
1.6275	0.87104	1.3782	1.237	-0.013594	0.027721	0.015682	0.0030085	-0.059724	-0.00388	0.010585	0.032003	-0.011802	-0.1522	0.90863	0.38887	-0.0077915	-0.99808	0.061398	-0.089936	0.91915	-0.38351	51	2
1.6249	0.89569	1.3505	1.2761	0.010585	0.032003	-0.011802	0.0030085	-0.059724	-0.00388	-0.013594	0.027721	0.015682	-0.089936	0.91915	-0.38351	-0.0077915	-0.99808	0.061398	-0.1522	0.90863	0.38887	51	4
1.4327	1.9599	0.77915	0.76677	0.0030085	-0.059724	-0.00388	-0.013594	0.027721	0.015682	0.010585	0.032003	-0.011802	-0.0077915	-0.99808	0.061398	-0.1522	0.90863	0.38887	-0.089936	0.91915	-0.38351	51	5
1.1447	1.7407	0.968	1.1986	0.0030085	-0.059724	-0.00388	0.010585	0.032003	-0.011802	-0.013594	0.027721	0.015682	-0.0077915	-0.99808	0.061398	-0.089936	0.91915	-0.38351	-0.1522	0.90863	0.38887	51	6
1.5611	1.8292	1.6384	1.6422	-0.0028524	-0.049547	0.030882	0.025707	0.0075746	-0.028033	-0.022855	0.041973	-0.0028495	-0.36698	-0.22704	0.9021	0.32702	0.38758	-0.86188	0.89075	0.45306	-0.036109	52	2
1.3114	1.4909	0.78915	0.48879	-0.022855	0.041973	-0.0028495	0.025707	0.0075746	-0.028033	-0.0028524	-0.049547	0.030882	0.89075	0.45306	-0.036109	0.32702	0.38758	-0.86188	-0.36698	-0.22704	0.9021	52	4
1.5849	0.98777	1.0155	1.3667	0.025707	0.0075746	-0.028033	-0.0028524	-0.049547	0.030882	-0.022855	0.041973	-0.0028495	0.32702	0.38758	-0.86188	-0.36698	-0.22704	0.9021	0.89075	0.45306	-0.036109	52	5
1.4251	1.9798	1.3558	1.9929	0.0072082	-0.00018257	-0.040072	-0.017022	-0.032922	0.026011	0.009814	0.033105	0.014062	-0.034657	0.77239	-0.63421	-0.052653	-0.33782	0.93974	-0.09977	0.91445	0.39221	53	1
1.1696	1.2983	1.1952	0.33879	0.0072082	-0.00018257	-0.040072	0.009814	0.033105	0.014062	-0.017022	-0.032922	0.026011	-0.034657	0.77239	-0.63421	-0.09977	0.91445	0.39221	-0.052653	-0.33782	0.93974	53	2
1.2225	1.4534	1.1262	0.44564	-0.017022	-0.032922	0.026011	0.009814	0.033105	0.014062	0.0072082	-0.00018257	-0.040072	-0.052653	-0.33782	0.93974	-0.09977	0.91445	0.39221	-0.034657	0.77239	-0.63421	53	4
1.5707	0.82226	0.64031	0.35015	0.009814	0.033105	0.014062	0.0072082	-0.00018257	-0.040072	-0.017022	-0.032922	0.026011	-0.09977	0.91445	0.39221	-0.034657	0.77239	-0.63421	-0.052653	-0.33782	0.93974	53	5
1.3307	1.2519	1.1539	1.2704	-0.001306	-0.0076156	-0.04165	-0.018305	-0.028638	0.028129	0.019611	0.036254	0.013521	-0.46788	0.11361	-0.87646	-0.051829	-0.3942	0.91756	0.049328	0.92757	0.37038	54	2
1.5866	1.1108	0.30687	0.51892	0.019611	0.036254	0.013521	-0.018305	-0.028638	0.028129	-0.001306	-0.0076156	-0.04165	0.049328	0.92757	0.37038	-0.051829	-0.3942	0.91756	-0.46788	0.11361	-0.87646	54	4
1.2887	1.2874	1.19	1.2462	-0.018305	-0.028638	0.028129	-0.001306	-0.0076156	-0.04165	0.019611	0.036254	0.013521	-0.051829	-0.3942	0.91756	-0.46788	0.11361	-0.87646	0.049328	0.92757	0.37038	54	5
1.2378	1.5008	0.833	0.38037	0.0014009	-0.0045724	-0.044093	-0.016579	0.03139	-0.00070694	0.015178	-0.026818	0.0448	-0.37907	0.23012	-0.8963	0.021673	0.99951	-0.022688	-0.12731	-0.095742	0.98723	55	2
1.4466	1.8237	1.635	1.7241	0.015178	-0.026818	0.0448	0.0014009	-0.0045724	-0.044093	-0.016579	0.03139	-0.00070694	-0.12731	-0.095742	0.98723	-0.37907	0.23012	-0.8963	0.021673	0.99951	-0.022688	55	3
1.1058	1.6984	0.77086	0.5227	0.015178	-0.026818	0.0448	-0.016579	0.03139	-0.00070694	0.0014009	-0.0045724	-0.044093	-0.12731	-0.095742	0.98723	0.021673	0.99951	-0.022688	-0.37907	0.23012	-0.8963	55	4
1.486	0.87908	0.53985	0.33692	-0.016579	0.03139	-0.00070694	0.0014009	-0.0045724	-0.044093	0.015178	-0.026818	0.0448	0.021673	0.99951	-0.022688	-0.37907	0.23012	-0.8963	-0.12731	-0.095742	0.98723	55	5
1.7553	0.85098	0.54512	0.50481	-0.016579	0.03139	-0.00070694	0.015178	-0.026818	0.0448	0.0014009	-0.0045724	-0.044093	0.021673	0.99951	-0.022688	-0.12731	-0.095742	0.98723	-0.37907	0.23012	-0.8963	55	6
1.5457	1.9264	1.7088	1.8152	-0.010192	-0.037002	0.026422	0.016929	0.0057905	-0.032476	-0.0067365	0.031211	0.0060546	-0.34291	-0.18645	0.92068	0.066167	0.50536	-0.86037	-0.069822	0.99135	0.11109	56	2
1.6159	0.92065	0.47149	0.33002	-0.0067365	0.031211	0.0060546	0.016929	0.0057905	-0.032476	-0.010192	-0.037002	0.026422	-0.069822	0.99135	0.11109	0.066167	0.50536	-0.86037	-0.34291	-0.18645	0.92068	56	4
1.4995	1.3063	1.1492	1.5943	0.016929	0.0057905	-0.032476	-0.010192	-0.037002	0.026422	-0.0067365	0.031211	0.0060546	0.066167	0.50536	-0.86037	-0.34291	-0.18645	0.92068	-0.069822	0.99135	0.11109	56	5
1.3036	1.4925	1.0046	0.37764	0.026487	0.010318	-0.030585	-0.014074	0.029933	0.0079004	-0.012413	-0.040251	0.022685	0.26625	0.38947	-0.88172	-0.075171	0.97892	0.18992	-0.24361	-0.12856	0.96131	57	2
1.231	1.5206	1.0922	0.44172	-0.012413	-0.040251	0.022685	-0.014074	0.029933	0.0079004	0.026487	0.010318	-0.030585	-0.24361	-0.12856	0.96131	-0.075171	0.97892	0.18992	0.26625	0.38947	-0.88172	57	4
1.6847	0.83617	0.49322	0.37901	-0.014074	0.029933	0.0079004	0.026487	0.010318	-0.030585	-0.012413	-0.040251	0.022685	-0.075171	0.97892	0.18992	0.26625	0.38947	-0.88172	-0.24361	-0.12856	0.96131	57	5
1.7972	0.84987	0.47471	0.46522	-0.014074	0.029933	0.0079004	-0.012413	-0.040251	0.022685	0.026487	0.010318	-0.030585	-0.075171	0.97892	0.18992	-0.24361	-0.12856	0.96131	0.26625	0.38947	-0.88172	57	6
1.4045	2.0344	1.4686	1.9193	0.0096198	0.002116	-0.041898	-0.012193	-0.033463	0.024769	0.0025731	0.031347	0.017129	0.0061507	0.71512	-0.69897	-0.23669	-0.38385	0.89255	-0.12457	0.89814	0.42169	58	1
1.1912	1.3752	1.1713	0.37428	0.0096198	0.002116	-0.041898	0.0025731	0.031347	0.017129	-0.012193	-0.033463	0.024769	0.0061507	0.71512	-0.69897	-0.12457	0.89814	0.42169	-0.23669	-0.38385	0.89255	58	2
1.2847	1.4985	1.0539	0.43131	-0.012193	-0.033463	0.024769	0.0025731	0.031347	0.017129	0.0096198	0.002116	-0.041898	-0.23669	-0.38385	0.89255	-0.12457	0.89814	0.42169	0.0061507	0.71512	-0.69897	58	4
1.6468	0.86118	0.54598	0.39264	0.0025731	0.031347	0.017129	0.0096198	0.002116	-0.041898	-0.012193	-0.033463	0.024769	-0.12457	0.89814	0.42169	0.0061507	0.71512	-0.69897	-0.23669	-0.38385	0.89255	58	5
1.6079	0.91718	1.1804	1.3105	-0.012667	0.00047012	-0.03549	0.027772	-0.038949	0.038974	-0.015105	0.038479	-0.0034845	-0.2892	0.31029	-0.90558	0.408	-0.52723	0.74536	0.19889	0.97953	0.03112	59	2
1.3998	1.0806	0.4347	0.35713	-0.015105	0.038479	-0.0034845	-0.012667	0.00047012	-0.03549	0.027772	-0.038949	0.038974	0.19889	0.97953	0.03112	-0.2892	0.31029	-0.90558	0.408	-0.52723	0.74536	59	3
1.84	0.9	0.45997	0.68986	-0.015105	0.038479	-0.0034845	0.027772	-0.038949	0.038974	-0.012667	0.00047012	-0.03549	0.19889	0.97953	0.03112	0.408	-0.52723	0.74536	-0.2892	0.31029	-0.90558	59	4
1.2789	1.9859	1.6934	1.5448	0.027772	-0.038949	0.038974	-0.012667	0.00047012	-0.03549	-0.015105	0.038479	-0.0034845	0.408	-0.52723	0.74536	-0.2892	0.31029	-0.90558	0.19889	0.97953	0.03112	59	5
1.2598	1.6722	0.98694	0.68026	0.027772	-0.038949	0.038974	-0.015105	0.038479	-0.0034845	-0.012667	0.00047012	-0.03549	0.408	-0.52723	0.74536	0.19889	0.97953	0.03112	-0.2892	0.31029	-0.90558	59	6
1.187	1.5565	1.0628	0.5962	0.02869	-0.030086	0.043089	-0.021396	0.035208	-0.003576	-0.007294	-0.0051223	-0.039513	0.37732	-0.24747	0.8924	0.35461	0.92842	-0.11087	-0.45796	0.22649	-0.85964	60	3
1.2655	2.0919	1.6801	1.6534	0.02869	-0.030086	0.043089	-0.007294	-0.0051223	-0.039513	-0.021396	0.035208	-0.003576	0.37732	-0.24747	0.8924	-0.45796	0.22649	-0.85964	0.35461	0.92842	-0.11087	60	4
1.4324	1.484	0.76724	0.39989	-0.007294	-0.0051223	-0.039513	-0.021396	0.035208	-0.003576	0.02869	-0.030086	0.043089	-0.45796	0.22649	-0.85964	0.35461	0.92842	-0.11087	0.37732	-0.24747	0.8924	60	5
1.5543	0.98877	1.0858	1.3889	-0.007294	-0.0051223	-0.039513	0.02869	-0.030086	0.043089	-0.021396	0.035208	-0.003576	-0.45796	0.22649	-0.85964	0.37732	-0.24747	0.8924	0.35461	0.92842	-0.11087	60	6
1.4295	1.8807	0.74113	0.68932	-0.0096271	-0.05161	0.023924	-0.012087	0.033004	0.0064069	0.021714	0.018605	-0.030331	-0.34835	-0.70292	0.62013	-0.039879	0.98851	0.14581	0.063626	0.40318	-0.91291	62	2
1.3559	1.5122	0.62979	0.3938	0.021714	0.018605	-0.030331	-0.012087	0.033004	0.0064069	-0.0096271	-0.05161	0.023924	0.063626	0.40318	-0.91291	-0.039879	0.98851	0.14581	-0.34835	-0.70292	0.62013	62	4
1.5038	0.86512	1.4589	1.048	-0.012087	0.033004	0.0064069	-0.0096271	-0.05161	0.023924	0.021714	0.018605	-0.030331	-0.039879	0.98851	0.14581	-0.34835	-0.70292	0.62013	0.063626	0.40318	-0.91291	62	5
1.602	1.0993	0.30807	0.53096	-0.0057715	0.010854	0.033604	-0.0048984	-0.055175	-0.01751	0.01067	0.044321	-0.016095	-0.1143	0.36591	0.9236	-0.073939	-0.99111	0.11061	0.53133	0.72291	-0.44169	63	2
1.4801	1.7616	0.53764	0.5363	0.01067	0.044321	-0.016095	-0.0057715	0.010854	0.033604	-0.0048984	-0.055175	-0.01751	0.53133	0.72291	-0.44169	-0.1143	0.36591	0.9236	-0.073939	-0.99111	0.11061	63	3
1.3264	1.0397	1.3488	1.235	0.01067	0.044321	-0.016095	-0.0048984	-0.055175	-0.01751	-0.0057715	0.010854	0.033604	0.53133	0.72291	-0.44169	-0.073939	-0.99111	0.11061	-0.1143	0.36591	0.9236	63	4
1.3389	1.7577	0.73268	0.61806	-0.0048984	-0.055175	-0.01751	-0.0057715	0.010854	0.033604	0.01067	0.044321	-0.016095	-0.073939	-0.99111	0.11061	-0.1143	0.36591	0.9236	0.53133	0.72291	-0.44169	63	5
1.0704	1.2954	1.3428	1.2315	-0.0048984	-0.055175	-0.01751	0.01067	0.044321	-0.016095	-0.0057715	0.010854	0.033604	-0.073939	-0.99111	0.11061	0.53133	0.72291	-0.44169	-0.1143	0.36591	0.9236	63	6
1.0068	1.4895	1.3298	1.0037	-0.0048171	-0.055491	-0.0064707	-0.016154	0.020483	0.026564	0.020971	0.035008	-0.020093	-0.066308	-0.99765	0.017124	-0.19473	0.66141	0.7243	0.26088	0.58576	-0.76735	64	4
1.3453	1.3523	0.19521	0.43971	-0.016154	0.020483	0.026564	0.020971	0.035008	-0.020093	-0.0048171	-0.055491	-0.0064707	-0.19473	0.66141	0.7243	0.26088	0.58576	-0.76735	-0.066308	-0.99765	0.017124	64	5
1.4625	0.94328	1.4577	0.99555	-0.016154	0.020483	0.026564	-0.0048171	-0.055491	-0.0064707	0.020971	0.035008	-0.020093	-0.19473	0.66141	0.7243	-0.066308	-0.99765	0.017124	0.26088	0.58576	-0.76735	64	6
1.3627	1.6389	1.0034	0.48769	-0.0091917	-0.035636	0.02498	-0.010468	0.030076	0.0081932	0.01966	0.0055594	-0.033174	-0.36493	-0.31212	0.87716	-0.085121	0.98179	0.16983	0.14441	0.51573	-0.84449	65	2
1.2994	1.4522	1.0859	0.35885	0.01966	0.0055594	-0.033174	-0.010468	0.030076	0.0081932	-0.0091917	-0.035636	0.02498	0.14441	0.51573	-0.84449	-0.085121	0.98179	0.16983	-0.36493	-0.31212	0.87716	65	4
1.5481	1.0207	1.0136	0.49387	-0.010468	0.030076	0.0081932	-0.0091917	-0.035636	0.02498	0.01966	0.0055594	-0.033174	-0.085121	0.98179	0.16983	-0.36493	-0.31212	0.87716	0.14441	0.51573	-0.84449	65	5
1.4661	1.9702	1.489	1.8655	0.0064103	-0.00064337	-0.042621	-0.01037	-0.032335	0.028126	0.0039599	0.032978	0.014495	-0.086426	0.59638	-0.79803	-0.33243	-0.36093	0.87133	-0.1626	0.91588	0.36706	66	2
1.519	1.0344	0.69516	0.8562	0.0039599	0.032978	0.014495	-0.01037	-0.032335	0.028126	0.0064103	-0.00064337	-0.042621	-0.1626	0.91588	0.36706	-0.33243	-0.36093	0.87133	-0.086426	0.59638	-0.79803	66	4
1.6359	1.8032	1.5638	1.8168	-0.01037	-0.032335	0.028126	0.0064103	-0.00064337	-0.042621	0.0039599	0.032978	0.014495	-0.33243	-0.36093	0.87133	-0.086426	0.59638	-0.79803	-0.1626	0.91588	0.36706	66	5
1.3015	1.5184	1.0292	0.45342	-0.01037	-0.032335	0.028126	0.0039599	0.032978	0.014495	0.0064103	-0.00064337	-0.042621	-0.33243	-0.36093	0.87133	-0.1626	0.91588	0.36706	-0.086426	0.59638	-0.79803	66	6
1.5742	0.98233	1.0396	1.3406	0.029039	0.0086157	-0.026068	-0.0052636	-0.050917	0.029713	-0.023775	0.042302	-0.0036448	0.38155	0.33873	-0.86005	-0.34089	-0.45486	0.82274	0.9158	0.37421	-0.14587	67	2
1.2918	0.9338	1.425	1.1427	-0.023775	0.042302	-0.0036448	-0.0052636	-0.050917	0.029713	0.029039	0.0086157	-0.026068	0.9158	0.37421	-0.14587	-0.34089	-0.45486	0.82274	0.38155	0.33873	-0.86005	67	4
1.2144	1.5493	1.0482	1.5816	-0.0052636	-0.050917	0.029713	0.029039	0.0086157	-0.026068	-0.023775	0.042302	-0.0036448	-0.34089	-0.45486	0.82274	0.38155	0.33873	-0.86005	0.9158	0.37421	-0.14587	67	5
1.3254	1.6258	0.92928	0.70629	-0.0052636	-0.050917	0.029713	-0.023775	0.042302	-0.0036448	0.029039	0.0086157	-0.026068	-0.34089	-0.45486	0.82274	0.9158	0.37421	-0.14587	0.38155	0.33873	-0.86005	67	6
1.1603	1.7148	0.97418	1.081	-0.010829	-0.054181	0.029328	0.021526	0.017563	-0.028478	-0.010697	0.036618	-0.00084934	-0.20151	-0.82437	0.52897	0.099856	0.41969	-0.90216	-0.024586	0.99759	0.064895	68	2
1.2061	1.1531	0.30706	0.2827	-0.010697	0.036618	-0.00084934	0.021526	0.017563	-0.028478	-0.010829	-0.054181	0.029328	-0.024586	0.99759	0.064895	0.099856	0.41969	-0.90216	-0.20151	-0.82437	0.52897	68	4
1.5407	0.87584	1.3898	1.1876	0.021526	0.017563	-0.028478	-0.010829	-0.054181	0.029328	-0.010697	0.036618	-0.00084934	0.099856	0.41969	-0.90216	-0.20151	-0.82437	0.52897	-0.024586	0.99759	0.064895	68	5
1.4721	1.255	1.1027	1.502	0.025461	0.0075217	-0.028217	-0.0041786	-0.039245	0.027	-0.021283	0.031723	0.0012166	0.32086	0.39143	-0.86246	-0.63583	-0.11486	0.76323	0.18205	0.98192	0.051931	69	1
1.3316	1.5921	1.0163	0.54456	-0.0041786	-0.039245	0.027	-0.021283	0.031723	0.0012166	0.025461	0.0075217	-0.028217	-0.63583	-0.11486	0.76323	0.18205	0.98192	0.051931	0.32086	0.39143	-0.86246	69	4
1.5176	0.93094	0.46417	0.35426	-0.021283	0.031723	0.0012166	0.025461	0.0075217	-0.028217	-0.0041786	-0.039245	0.027	0.18205	0.98192	0.051931	0.32086	0.39143	-0.86246	-0.63583	-0.11486	0.76323	69	5
1.2343	0.96346	1.5189	1.0761	-0.021283	0.031723	0.0012166	-0.0041786	-0.039245	0.027	0.025461	0.0075217	-0.028217	0.18205	0.98192	0.051931	-0.63583	-0.11486	0.76323	0.32086	0.39143	-0.86246	69	6
1.3525	0.96805	1.3964	1.0305	0.029069	0.026465	0.02259	2.2635e-05	-0.058704	-0.0030232	-0.029092	0.032239	-0.019567	0.15359	0.67431	0.7223	-0.0033391	-0.99961	0.027769	0.13933	0.6217	-0.77077	70	2
1.2198	1.2093	0.33944	0.44243	-0.029092	0.032239	-0.019567	0.029069	0.026465	0.02259	2.2635e-05	-0.058704	-0.0030232	0.13933	0.6217	-0.77077	0.15359	0.67431	0.7223	-0.0033391	-0.99961	0.027769	70	3
1.3062	0.9816	1.4322	1.0326	-0.029092	0.032239	-0.019567	2.2635e-05	-0.058704	-0.0030232	0.029069	0.026465	0.02259	0.13933	0.6217	-0.77077	-0.0033391	-0.99961	0.027769	0.15359	0.67431	0.7223	70	4
1.0198	1.3757	1.2324	1.043	2.2635e-05	-0.058704	-0.0030232	0.029069	0.026465	0.02259	-0.029092	0.032239	-0.019567	-0.0033391	-0.99961	0.027769	0.15359	0.67431	0.7223	0.13933	0.6217	-0.77077	70	5
1.0551	1.3713	1.1579	1.0085	2.2635e-05	-0.058704	-0.0030232	-0.029092	0.032239	-0.019567	0.029069	0.026465	0.02259	-0.0033391	-0.99961	0.027769	0.13933	0.6217	-0.77077	0.15359	0.67431	0.7223	70	6
1.0264	1.6412	1.0751	1.354	-0.017094	-0.055583	0.007371	-0.013047	0.029123	0.011986	0.030141	0.02646	-0.019357	-0.045794	-0.99775	-0.048984	-0.11469	0.954	0.277	0.3441	0.66866	-0.65916	71	4
1.4826	1.3745	0.82431	0.38527	-0.013047	0.029123	0.011986	0.030141	0.02646	-0.019357	-0.017094	-0.055583	0.007371	-0.11469	0.954	0.277	0.3441	0.66866	-0.65916	-0.045794	-0.99775	-0.048984	71	5
1.6532	0.9356	1.1994	1.2525	-0.013047	0.029123	0.011986	-0.017094	-0.055583	0.007371	0.030141	0.02646	-0.019357	-0.11469	0.954	0.277	-0.045794	-0.99775	-0.048984	0.3441	0.66866	-0.65916	71	6
1.0392	1.021	1.7148	0.91172	0.040184	0.026929	0.0054102	-0.018841	-0.037262	0.02278	-0.021343	0.010333	-0.028191	0.52099	0.84943	0.083889	-0.00089325	-0.25202	0.96772	-0.16835	0.37286	-0.91249	72	2
1.4469	1.364	0.96963	0.47911	-0.021343	0.010333	-0.028191	0.040184	0.026929	0.0054102	-0.018841	-0.037262	0.02278	-0.16835	0.37286	-0.91249	0.52099	0.84943	0.083889	-0.00089325	-0.25202	0.96772	72	3
1.5193	1.1773	0.96832	1.3682	-0.021343	0.010333	-0.028191	-0.018841	-0.037262	0.02278	0.040184	0.026929	0.0054102	-0.16835	0.37286	-0.91249	-0.00089325	-0.25202	0.96772	0.52099	0.84943	0.083889	72	4
1.3456	1.447	1.0905	0.6067	-0.018841	-0.037262	0.02278	0.040184	0.026929	0.0054102	-0.021343	0.010333	-0.028191	-0.00089325	-0.25202	0.96772	0.52099	0.84943	0.083889	-0.16835	0.37286	-0.91249	72	5
1.5379	2.0503	1.5537	1.707	-0.018841	-0.037262	0.02278	-0.021343	0.010333	-0.028191	0.040184	0.026929	0.0054102	-0.00089325	-0.25202	0.96772	-0.16835	0.37286	-0.91249	0.52099	0.84943	0.083889	72	6
1.3217	1.8898	0.73583	0.70291	-0.016113	-0.060876	-0.018224	-0.003131	0.022167	0.028493	0.019244	0.038708	-0.010269	0.11782	-0.99106	-0.062669	-0.070811	0.66141	0.74668	0.2482	0.94995	-0.18974	73	2
1.2967	1.4379	0.75343	0.32876	0.019244	0.038708	-0.010269	-0.003131	0.022167	0.028493	-0.016113	-0.060876	-0.018224	0.2482	0.94995	-0.18974	-0.070811	0.66141	0.74668	0.11782	-0.99106	-0.062669	73	4
1.5995	0.75851	1.3498	1.1386	-0.003131	0.022167	0.028493	-0.016113	-0.060876	-0.018224	0.019244	0.038708	-0.010269	-0.070811	0.66141	0.74668	0.11782	-0.99106	-0.062669	0.2482	0.94995	-0.18974	73	5
1.2624	1.7751	0.96137	0.67382	-0.0040569	-0.051061	0.036733	-0.010366	0.034635	-0.0078338	0.014423	0.016426	-0.028899	0.022272	-0.43314	0.90105	-0.084733	0.97442	-0.20813	-0.00025448	0.43293	-0.90143	74	2
1.3377	1.3465	0.88121	0.25791	0.014423	0.016426	-0.028899	-0.010366	0.034635	-0.0078338	-0.0040569	-0.051061	0.036733	-0.00025448	0.43293	-0.90143	-0.084733	0.97442	-0.20813	0.022272	-0.43314	0.90105	74	4
1.5299	0.7651	1.4785	1.1479	-0.010366	0.034635	-0.0078338	-0.0040569	-0.051061	0.036733	0.014423	0.016426	-0.028899	-0.084733	0.97442	-0.20813	0.022272	-0.43314	0.90105	-0.00025448	0.43293	-0.90143	74	5
1.5993	0.8351	1.3223	1.2504	-0.015213	0.01101	-0.030629	0.031861	-0.044519	0.030017	-0.016649	0.03351	0.00061219	-0.14385	0.42116	-0.8955	0.51968	-0.70322	0.48519	0.085901	0.99539	0.042593	75	2
1.2236	1.0806	0.37531	0.24964	-0.016649	0.03351	0.00061219	-0.015213	0.01101	-0.030629	0.031861	-0.044519	0.030017	0.085901	0.99539	0.042593	-0.14385	0.42116	-0.8955	0.51968	-0.70322	0.48519	75	3
1.6934	0.87418	1.0381	0.97354	-0.016649	0.03351	0.00061219	0.031861	-0.044519	0.030017	-0.015213	0.01101	-0.030629	0.085901	0.99539	0.042593	0.51968	-0.70322	0.48519	-0.14385	0.42116	-0.8955	75	4
1.0883	1.8983	0.49696	0.80607	0.031861	-0.044519	0.030017	-0.015213	0.01101	-0.030629	-0.016649	0.03351	0.00061219	0.51968	-0.70322	0.48519	-0.14385	0.42116	-0.8955	0.085901	0.99539	0.042593	75	5
1.1739	1.9409	0.57024	0.73085	0.031861	-0.044519	0.030017	-0.016649	0.03351	0.00061219	-0.015213	0.01101	-0.030629	0.51968	-0.70322	0.48519	0.085901	0.99539	0.042593	-0.14385	0.42116	-0.8955	75	6
1.2643	1.9333	0.69676	0.69093	-0.035914	-0.054466	0.024021	-0.00045895	0.033439	-0.0027067	0.036373	0.021026	-0.021314	-0.34162	-0.82065	0.45807	-0.16834	0.98566	0.011772	0.397	0.56841	-0.72063	76	4
1.1396	0.97234	0.38644	0.20287	-0.00045895	0.033439	-0.0027067	0.036373	0.021026	-0.021314	-0.035914	-0.054466	0.024021	-0.16834	0.98566	0.011772	0.397	0.56841	-0.72063	-0.34162	-0.82065	0.45807	76	5
1.696	0.67941	1.3109	1.1277	-0.00045895	0.033439	-0.0027067	-0.035914	-0.054466	0.024021	0.036373	0.021026	-0.021314	-0.16834	0.98566	0.011772	-0.34162	-0.82065	0.45807	0.397	0.56841	-0.72063	76	6
0.98603	1.1867	0.73815	2.3653	0.015474	-0.027905	0.048413	0.0058287	-0.0027771	-0.039644	-0.021303	0.030682	-0.0087686	-0.1016	-0.15972	0.98192	-0.11346	0.641	-0.75911	0.15326	0.92645	-0.34381	77	4
1.0283	1.1916	0.8416	0.22178	0.0058287	-0.0027771	-0.039644	-0.021303	0.030682	-0.0087686	0.015474	-0.027905	0.048413	-0.11346	0.641	-0.75911	0.15326	0.92645	-0.34381	-0.1016	-0.15972	0.98192	77	5
1.5129	0.94157	1.06	1.4752	0.0058287	-0.0027771	-0.039644	0.015474	-0.027905	0.048413	-0.021303	0.030682	-0.0087686	-0.11346	0.641	-0.75911	-0.1016	-0.15972	0.98192	0.15326	0.92645	-0.34381	77	6
0.73838	0.99725	0.080179	2.712	-0.028002	-0.058064	-0.015618	-0.015667	0.038331	-0.0030871	0.043668	0.019734	0.018705	-0.06048	-0.98291	-0.17387	0.22513	0.97366	0.035987	0.48728	0.73347	0.4739	78	2
1.0466	1.1915	1.0119	0.29876	0.043668	0.019734	0.018705	-0.015667	0.038331	-0.0030871	-0.028002	-0.058064	-0.015618	0.48728	0.73347	0.4739	0.22513	0.97366	0.035987	-0.06048	-0.98291	-0.17387	78	4
1.6101	0.85833	1.0334	1.3256	-0.015667	0.038331	-0.0030871	-0.028002	-0.058064	-0.015618	0.043668	0.019734	0.018705	0.22513	0.97366	0.035987	-0.06048	-0.98291	-0.17387	0.48728	0.73347	0.4739	78	5
1.291	1.7253	0.95578	0.69493	-0.009276	-0.058721	-0.017136	0.019214	0.024308	0.026286	-0.0099378	0.034413	-0.0091508	0.095585	-0.9925	0.076225	0.057623	0.59757	0.79974	-0.10678	0.95766	-0.26738	79	4
1.3978	1.2349	0.47368	0.36669	0.019214	0.024308	0.026286	-0.0099378	0.034413	-0.0091508	-0.009276	-0.058721	-0.017136	0.057623	0.59757	0.79974	-0.10678	0.95766	-0.26738	0.095585	-0.9925	0.076225	79	5
1.4266	0.80428	1.5611	1.0519	0.019214	0.024308	0.026286	-0.009276	-0.058721	-0.017136	-0.0099378	0.034413	-0.0091508	0.057623	0.59757	0.79974	0.095585	-0.9925	0.076225	-0.10678	0.95766	-0.26738	79	6
0.97417	1.1031	1.7402	0.85418	0.048686	0.022664	0.0053567	-0.032237	-0.019465	0.029767	-0.016449	-0.0031989	-0.035124	0.66509	0.74563	0.041095	-0.038626	-0.34157	0.93906	-0.34181	0.16636	-0.92493	81	2
1.6057	1.4947	0.77934	0.6262	-0.016449	-0.0031989	-0.035124	0.048686	0.022664	0.0053567	-0.032237	-0.019465	0.029767	-0.34181	0.16636	-0.92493	0.66509	0.74563	0.041095	-0.038626	-0.34157	0.93906	81	3
1.4619	1.1861	1.0757	1.1946	-0.016449	-0.0031989	-0.035124	-0.032237	-0.019465	0.029767	0.048686	0.022664	0.0053567	-0.34181	0.16636	-0.92493	-0.038626	-0.34157	0.93906	0.66509	0.74563	0.041095	81	4
1.4704	1.5032	0.94385	0.70715	-0.032237	-0.019465	0.029767	0.048686	0.022664	0.0053567	-0.016449	-0.0031989	-0.035124	-0.038626	-0.34157	0.93906	0.66509	0.74563	0.041095	-0.34181	0.16636	-0.92493	81	5
1.2224	1.4273	1.0608	1.1974	-0.032237	-0.019465	0.029767	-0.016449	-0.0031989	-0.035124	0.048686	0.022664	0.0053567	-0.038626	-0.34157	0.93906	-0.34181	0.16636	-0.92493	0.66509	0.74563	0.041095	81	6
1.8021	0.9044	0.50824	0.51486	0.015557	0.033155	0.012343	-0.011628	-0.03655	0.023781	-0.0039287	0.0033948	-0.036124	-0.026199	0.93893	0.34311	-0.26326	-0.29262	0.91927	-0.18126	0.54741	-0.817	82	2
1.3696	1.4298	1.0258	0.40891	-0.0039287	0.0033948	-0.036124	0.015557	0.033155	0.012343	-0.011628	-0.03655	0.023781	-0.18126	0.54741	-0.817	-0.026199	0.93893	0.34311	-0.26326	-0.29262	0.91927	82	3
1.669	1.7013	1.3658	1.778	-0.0039287	0.0033948	-0.036124	-0.011628	-0.03655	0.023781	0.015557	0.033155	0.012343	-0.18126	0.54741	-0.817	-0.26326	-0.29262	0.91927	-0.026199	0.93893	0.34311	82	4
1.2744	1.4795	1.1403	0.50411	-0.011628	-0.03655	0.023781	0.015557	0.033155	0.012343	-0.0039287	0.0033948	-0.036124	-0.26326	-0.29262	0.91927	-0.026199	0.93893	0.34311	-0.18126	0.54741	-0.817	82	5
1.4581	2.0271	1.5716	1.8447	-0.011628	-0.03655	0.023781	-0.0039287	0.0033948	-0.036124	0.015557	0.033155	0.012343	-0.26326	-0.29262	0.91927	-0.18126	0.54741	-0.817	-0.026199	0.93893	0.34311	82	6
1.1819	1.6584	1.2404	3.1736	-0.045493	-0.071279	0.00069824	0.015229	0.041192	-0.013904	0.030264	0.030086	0.013205	0.067413	-0.97748	0.19996	0.25692	0.92743	-0.27177	0.31759	0.8962	0.30978	83	2
0.94612	0.85786	0.73178	0.12633	0.030264	0.030086	0.013205	0.015229	0.041192	-0.013904	-0.045493	-0.071279	0.00069824	0.31759	0.8962	0.30978	0.25692	0.92743	-0.27177	0.067413	-0.97748	0.19996	83	4
1.8608	0.83965	1.6969	1.7848	0.015229	0.041192	-0.013904	-0.045493	-0.071279	0.00069824	0.030264	0.030086	0.013205	0.25692	0.92743	-0.27177	0.067413	-0.97748	0.19996	0.31759	0.8962	0.30978	83	5
1.2568	1.0576	1.0434	1.4615	0.051663	0.0066391	0.02453	-0.048461	-0.041353	-0.0075862	-0.0032024	0.034714	-0.016944	0.72985	0.43208	0.52974	-0.9231	-0.31003	-0.22753	-0.33177	0.67754	-0.65641	84	2
1.3912	0.824	1.2305	0.89234	-0.0032024	0.034714	-0.016944	0.051663	0.0066391	0.02453	-0.048461	-0.041353	-0.0075862	-0.33177	0.67754	-0.65641	0.72985	0.43208	0.52974	-0.9231	-0.31003	-0.22753	84	3
1.3521	0.82006	0.54957	0.39969	-0.0032024	0.034714	-0.016944	-0.048461	-0.041353	-0.0075862	0.051663	0.0066391	0.02453	-0.33177	0.67754	-0.65641	-0.9231	-0.31003	-0.22753	0.72985	0.43208	0.52974	84	4
1.0922	1.2321	1.1457	1.4098	-0.048461	-0.041353	-0.0075862	0.051663	0.0066391	0.02453	-0.0032024	0.034714	-0.016944	-0.9231	-0.31003	-0.22753	0.72985	0.43208	0.52974	-0.33177	0.67754	-0.65641	84	5
1.5692	1.9546	1.7295	1.7575	-0.011865	-0.038048	0.023911	0.023169	0.007149	-0.0299	-0.011303	0.030899	0.0059893	-0.25504	-0.20378	0.94521	0.25511	0.42878	-0.86664	-0.066749	0.98936	0.12925	85	2
1.6587	0.91519	0.41097	0.36312	-0.011303	0.030899	0.0059893	0.023169	0.007149	-0.0299	-0.011865	-0.038048	0.023911	-0.066749	0.98936	0.12925	0.25511	0.42878	-0.86664	-0.25504	-0.20378	0.94521	85	4
1.4704	1.1963	1.0859	1.497	0.023169	0.007149	-0.0299	-0.011865	-0.038048	0.023911	-0.011303	0.030899	0.0059893	0.25511	0.42878	-0.86664	-0.25504	-0.20378	0.94521	-0.066749	0.98936	0.12925	85	5
1.3453	1.7361	0.88722	0.90318	-0.032017	-0.056393	0.0027947	0.035125	0.026866	-0.021384	-0.0031078	0.029527	0.018589	0.034491	-0.98011	0.19542	0.39397	0.64592	-0.65389	-0.10601	0.89522	0.43284	86	2
1.4777	1.3778	0.52336	0.4241	-0.0031078	0.029527	0.018589	0.035125	0.026866	-0.021384	-0.032017	-0.056393	0.0027947	-0.10601	0.89522	0.43284	0.39397	0.64592	-0.65389	0.034491	-0.98011	0.19542	86	4
1.36	0.88723	1.4855	1.1556	0.035125	0.026866	-0.021384	-0.032017	-0.056393	0.0027947	-0.0031078	0.029527	0.018589	0.39397	0.64592	-0.65389	0.034491	-0.98011	0.19542	-0.10601	0.89522	0.43284	86	5
1.3908	1.9334	0.87317	0.76829	0.0060983	-0.051587	0.03427	-0.0040461	0.034329	-0.0084409	-0.0020522	0.017258	-0.025829	0.0018392	-0.75502	0.6557	-0.20483	0.96084	-0.18663	-0.11999	0.50164	-0.85672	87	2
1.4228	1.38	0.77781	0.25946	-0.0020522	0.017258	-0.025829	-0.0040461	0.034329	-0.0084409	0.0060983	-0.051587	0.03427	-0.11999	0.50164	-0.85672	-0.20483	0.96084	-0.18663	0.0018392	-0.75502	0.6557	87	4
1.6142	0.8251	1.4547	1.239	-0.0040461	0.034329	-0.0084409	0.0060983	-0.051587	0.03427	-0.0020522	0.017258	-0.025829	-0.20483	0.96084	-0.18663	0.0018392	-0.75502	0.6557	-0.11999	0.50164	-0.85672	87	5
1.4827	1.0035	0.88439	1.5847	-0.033848	-0.013241	-0.027101	0.028241	-0.032059	0.044171	0.0056071	0.0453	-0.01707	-0.4006	-0.10695	-0.90999	0.31595	-0.35146	0.88128	-0.62973	-0.77618	0.031366	88	1
1.1276	2.0042	1.3057	1.9256	0.028241	-0.032059	0.044171	-0.033848	-0.013241	-0.027101	0.0056071	0.0453	-0.01707	0.31595	-0.35146	0.88128	-0.4006	-0.10695	-0.90999	-0.62973	-0.77618	0.031366	88	3
0.96744	1.2577	1.2362	0.51721	0.028241	-0.032059	0.044171	0.0056071	0.0453	-0.01707	-0.033848	-0.013241	-0.027101	0.31595	-0.35146	0.88128	-0.62973	-0.77618	0.031366	-0.4006	-0.10695	-0.90999	88	4
1.4103	1.8608	1.0057	1.2078	0.0056071	0.0453	-0.01707	-0.033848	-0.013241	-0.027101	0.028241	-0.032059	0.044171	-0.62973	-0.77618	0.031366	-0.4006	-0.10695	-0.90999	0.31595	-0.35146	0.88128	88	5
1.4544	1.1309	0.87287	0.71338	0.0056071	0.0453	-0.01707	0.028241	-0.032059	0.044171	-0.033848	-0.013241	-0.027101	-0.62973	-0.77618	0.031366	0.31595	-0.35146	0.88128	-0.4006	-0.10695	-0.90999	88	6
1.5856	0.86586	1.0326	1.3154	-0.017132	0.037903	-0.0040932	-0.026733	-0.057625	-0.015885	0.043865	0.019722	0.019978	0.28248	0.95846	-0.039461	-0.0052446	-0.98106	-0.19366	0.47387	0.72425	0.50091	89	2
1.3541	0.90494	1.25	1.282	0.043865	0.019722	0.019978	-0.026733	-0.057625	-0.015885	-0.017132	0.037903	-0.0040932	0.47387	0.72425	0.50091	-0.0052446	-0.98106	-0.19366	0.28248	0.95846	-0.039461	89	4
0.75396	1.0097	0.08856	2.6774	-0.026733	-0.057625	-0.015885	-0.017132	0.037903	-0.0040932	0.043865	0.019722	0.019978	-0.0052446	-0.98106	-0.19366	0.28248	0.95846	-0.039461	0.47387	0.72425	0.50091	89	5
1.2506	1.6146	0.87766	0.87662	-0.026733	-0.057625	-0.015885	0.043865	0.019722	0.019978	-0.017132	0.037903	-0.0040932	-0.0052446	-0.98106	-0.19366	0.47387	0.72425	0.50091	0.28248	0.95846	-0.039461	89	6
1.3083	1.0333	1.3805	1.1149	0.022011	0.038365	-0.018505	-0.003777	-0.055142	-0.015707	-0.018234	0.016777	0.034211	0.46302	0.62054	-0.63289	-0.097998	-0.98993	0.10219	-0.042956	0.51143	0.85825	90	2
1.3852	1.1266	0.34024	0.45599	-0.018234	0.016777	0.034211	0.022011	0.038365	-0.018505	-0.003777	-0.055142	-0.015707	-0.042956	0.51143	0.85825	0.46302	0.62054	-0.63289	-0.097998	-0.98993	0.10219	90	3
1.5498	1.1501	0.32188	0.59183	-0.018234	0.016777	0.034211	-0.003777	-0.055142	-0.015707	0.022011	0.038365	-0.018505	-0.042956	0.51143	0.85825	-0.097998	-0.98993	0.10219	0.46302	0.62054	-0.63289	90	4
1.0563	1.2887	1.354	1.1244	-0.003777	-0.055142	-0.015707	0.022011	0.038365	-0.018505	-0.018234	0.016777	0.034211	-0.097998	-0.98993	0.10219	0.46302	0.62054	-0.63289	-0.042956	0.51143	0.85825	90	5
1.3341	1.6921	0.51218	0.67219	-0.003777	-0.055142	-0.015707	-0.018234	0.016777	0.034211	0.022011	0.038365	-0.018505	-0.097998	-0.98993	0.10219	-0.042956	0.51143	0.85825	0.46302	0.62054	-0.63289	90	6
1.7015	0.85928	0.67908	0.69614	0.024954	0.036434	0.002973	-0.043899	-0.055655	0.027146	0.018945	0.019221	-0.030119	0.22293	0.97229	0.070358	-0.74581	-0.34434	0.57026	0.021177	0.41097	-0.9114	91	2
0.89988	1.0588	0.70411	0.1859	0.018945	0.019221	-0.030119	0.024954	0.036434	0.002973	-0.043899	-0.055655	0.027146	0.021177	0.41097	-0.9114	0.22293	0.97229	0.070358	-0.74581	-0.34434	0.57026	91	3
1.6203	0.73293	1.0113	1.1135	0.018945	0.019221	-0.030119	-0.043899	-0.055655	0.027146	0.024954	0.036434	0.002973	0.021177	0.41097	-0.9114	-0.74581	-0.34434	0.57026	0.22293	0.97229	0.070358	91	4
0.85049	1.6961	0.68514	0.71745	-0.043899	-0.055655	0.027146	0.024954	0.036434	0.002973	0.018945	0.019221	-0.030119	-0.74581	-0.34434	0.57026	0.22293	0.97229	0.070358	0.021177	0.41097	-0.9114	91	5
0.93385	1.6913	1.0041	1.0505	-0.043899	-0.055655	0.027146	0.018945	0.019221	-0.030119	0.024954	0.036434	0.002973	-0.74581	-0.34434	0.57026	0.021177	0.41097	-0.9114	0.22293	0.97229	0.070358	91	6
1.3323	1.4735	1.0815	0.53545	-0.015479	-0.034265	0.023896	0.021	0.03395	0.014063	-0.0055207	0.00031516	-0.037959	-0.12016	-0.36166	0.92454	0.056574	0.92275	0.38123	-0.32782	0.48155	-0.8128	92	2
1.412	1.4522	0.98506	0.47349	-0.0055207	0.00031516	-0.037959	0.021	0.03395	0.014063	-0.015479	-0.034265	0.023896	-0.32782	0.48155	-0.8128	0.056574	0.92275	0.38123	-0.12016	-0.36166	0.92454	92	4
1.6791	0.93118	0.57682	0.56161	0.021	0.03395	0.014063	-0.015479	-0.034265	0.023896	-0.0055207	0.00031516	-0.037959	0.056574	0.92275	0.38123	-0.12016	-0.36166	0.92454	-0.32782	0.48155	-0.8128	92	5
1.2781	1.0755	1.0516	0.83374	0.021	0.03395	0.014063	-0.0055207	0.00031516	-0.037959	-0.015479	-0.034265	0.023896	0.056574	0.92275	0.38123	-0.32782	0.48155	-0.8128	-0.12016	-0.36166	0.92454	92	6
1.5118	1.3675	1.1184	0.21117	0.0089177	0.036395	0.010939	-0.01464	-0.036685	0.023102	0.0057224	0.00029032	-0.034041	-0.1078	0.94111	0.32045	-0.1468	-0.2912	0.94533	-0.14008	0.61871	-0.77303	93	2
1.3393	1.359	1.0788	0.36412	0.0057224	0.00029032	-0.034041	0.0089177	0.036395	0.010939	-0.01464	-0.036685	0.023102	-0.14008	0.61871	-0.77303	-0.1078	0.94111	0.32045	-0.1468	-0.2912	0.94533	93	3
1.5992	1.4354	1.131	1.6814	0.0057224	0.00029032	-0.034041	-0.01464	-0.036685	0.023102	0.0089177	0.036395	0.010939	-0.14008	0.61871	-0.77303	-0.1468	-0.2912	0.94533	-0.1078	0.94111	0.32045	93	4
1.2352	1.4484	1.2031	0.49885	-0.01464	-0.036685	0.023102	0.0089177	0.036395	0.010939	0.0057224	0.00029032	-0.034041	-0.1468	-0.2912	0.94533	-0.1078	0.94111	0.32045	-0.14008	0.61871	-0.77303	93	5
1.4363	2.0617	1.574	1.8888	-0.01464	-0.036685	0.023102	0.0057224	0.00029032	-0.034041	0.0089177	0.036395	0.010939	-0.1468	-0.2912	0.94533	-0.14008	0.61871	-0.77303	-0.1078	0.94111	0.32045	93	6
1.2293	1.231	0.95123	0.15066	0.00011627	0.030548	-0.017318	-0.014646	0.025031	-0.017544	0.01453	-0.05558	0.034862	-0.22641	0.74084	-0.63237	-0.073466	0.67957	-0.72993	0.045432	-0.86921	0.49235	94	3
0.82312	1.2791	0.35985	2.4926	0.01453	-0.05558	0.034862	-0.014646	0.025031	-0.017544	0.00011627	0.030548	-0.017318	0.045432	-0.86921	0.49235	-0.073466	0.67957	-0.72993	-0.22641	0.74084	-0.63237	94	5
1.176	1.7284	0.81332	1.308	0.01453	-0.05558	0.034862	0.00011627	0.030548	-0.017318	-0.014646	0.025031	-0.017544	0.045432	-0.86921	0.49235	-0.22641	0.74084	-0.63237	-0.073466	0.67957	-0.72993	94	6
1.7401	3.7506	1.7112	2.9569	0.019089	0.042744	-0.012134	-0.051622	-0.069943	-0.0073472	0.032532	0.027199	0.019481	0.49274	0.87009	0.012414	-0.40181	-0.8591	-0.31701	0.34543	0.75641	0.55544	95	1
1.1691	0.82882	0.25567	3.0227	-0.051622	-0.069943	-0.0073472	0.032532	0.027199	0.019481	0.019089	0.042744	-0.012134	-0.40181	-0.8591	-0.31701	0.34543	0.75641	0.55544	0.49274	0.87009	0.012414	95	4
1.1339	1.0962	0.72031	0.19402	0.032532	0.027199	0.019481	0.019089	0.042744	-0.012134	-0.051622	-0.069943	-0.0073472	0.34543	0.75641	0.55544	0.49274	0.87009	0.012414	-0.40181	-0.8591	-0.31701	95	5
1.6604	2.7396	1.5	2.2464	0.032532	0.027199	0.019481	-0.051622	-0.069943	-0.0073472	0.019089	0.042744	-0.012134	0.34543	0.75641	0.55544	-0.40181	-0.8591	-0.31701	0.49274	0.87009	0.012414	95	6
1.5094	0.97952	1.0633	1.4054	0.014325	0.0070553	-0.037036	0.0046709	-0.044659	0.03598	-0.018996	0.037604	0.0010567	-0.028326	0.6332	-0.77347	-0.39487	-0.34985	0.84952	0.37288	0.91724	0.14012	96	1
1.2501	1.6059	0.98881	0.627	0.0046709	-0.044659	0.03598	-0.018996	0.037604	0.0010567	0.014325	0.0070553	-0.037036	-0.39487	-0.34985	0.84952	0.37288	0.91724	0.14012	-0.028326	0.6332	-0.77347	96	4
1.2961	0.87162	0.56306	0.29109	-0.018996	0.037604	0.0010567	0.014325	0.0070553	-0.037036	0.0046709	-0.044659	0.03598	0.37288	0.91724	0.14012	-0.028326	0.6332	-0.77347	-0.39487	-0.34985	0.84952	96	5
1.3255	0.84314	1.4389	1.0967	-0.018996	0.037604	0.0010567	0.0046709	-0.044659	0.03598	0.014325	0.0070553	-0.037036	0.37288	0.91724	0.14012	-0.39487	-0.34985	0.84952	-0.028326	0.6332	-0.77347	96	6
1.4808	1.3669	1.1612	1.6047	0.027503	0.011121	-0.030462	-0.010216	-0.040726	0.023282	-0.017286	0.029605	0.0071798	0.26692	0.36707	-0.89107	-0.34399	-0.09233	0.93442	-0.037654	0.97818	0.20431	98	2
1.6861	0.8108	0.52258	0.38789	-0.017286	0.029605	0.0071798	0.027503	0.011121	-0.030462	-0.010216	-0.040726	0.023282	-0.037654	0.97818	0.20431	0.26692	0.36707	-0.89107	-0.34399	-0.09233	0.93442	98	3
1.7609	0.83902	0.49428	0.45702	-0.017286	0.029605	0.0071798	-0.010216	-0.040726	0.023282	0.027503	0.011121	-0.030462	-0.037654	0.97818	0.20431	-0.34399	-0.09233	0.93442	0.26692	0.36707	-0.89107	98	4
1.4413	1.9932	1.6045	1.8137	-0.010216	-0.040726	0.023282	0.027503	0.011121	-0.030462	-0.017286	0.029605	0.0071798	-0.34399	-0.09233	0.93442	0.26692	0.36707	-0.89107	-0.037654	0.97818	0.20431	98	5
1.2134	1.4887	1.1049	0.43548	-0.010216	-0.040726	0.023282	-0.017286	0.029605	0.0071798	0.027503	0.011121	-0.030462	-0.34399	-0.09233	0.93442	-0.037654	0.97818	0.20431	0.26692	0.36707	-0.89107	98	6
1.5179	1.9152	1.6351	1.8338	-0.014227	-0.038768	0.022579	0.019485	0.0082743	-0.035265	-0.0052583	0.030494	0.012686	-0.16477	-0.20711	0.96434	0.095204	0.54335	-0.83409	-0.10729	0.96451	0.24127	99	2
1.6502	0.84594	0.52309	0.35698	-0.0052583	0.030494	0.012686	0.019485	0.0082743	-0.035265	-0.014227	-0.038768	0.022579	-0.10729	0.96451	0.24127	0.095204	0.54335	-0.83409	-0.16477	-0.20711	0.96434	99	4
1.5218	1.6882	1.3661	1.7718	0.019485	0.0082743	-0.035265	-0.014227	-0.038768	0.022579	-0.0052583	0.030494	0.012686	0.095204	0.54335	-0.83409	-0.16477	-0.20711	0.96434	-0.10729	0.96451	0.24127	99	5
0.92677	1.0254	0.15274	2.9653	-0.039824	-0.063606	0.014786	0.0087258	0.032766	-0.011509	0.031098	0.03084	-0.0032766	-0.33575	-0.87493	0.34896	-0.14476	0.92569	-0.34949	0.37626	0.90467	-0.19999	100	2
1.1588	1.2573	0.83316	0.16405	0.031098	0.03084	-0.0032766	0.0087258	0.032766	-0.011509	-0.039824	-0.063606	0.014786	0.37626	0.90467	-0.19999	-0.14476	0.92569	-0.34949	-0.33575	-0.87493	0.34896	100	4
