0.70699	2.388	2.1818	0.25157	0.0045343	-0.0307	-0.071438	-0.025515	0.018925	0.046381	0.0048656	0.029455	0.034458	0.62697	-0.68784	-0.36577	-0.15028	0.1032	0.98324	0.45417	0.89086	0.009751	1	2
1.0099	0.88913	0.84666	0.32046	0.0048656	0.029455	0.034458	-0.025515	0.018925	0.046381	0.0045343	-0.0307	-0.071438	0.45417	0.89086	0.009751	-0.15028	0.1032	0.98324	0.62697	-0.68784	-0.36577	1	4
1.4525	0.51986	1.2647	1.2821	-0.025515	0.018925	0.046381	0.0045343	-0.0307	-0.071438	0.0048656	0.029455	0.034458	-0.15028	0.1032	0.98324	0.62697	-0.68784	-0.36577	0.45417	0.89086	0.009751	1	5
1.308	1.4992	0.4124	0.38723	-0.025515	0.018925	0.046381	0.0048656	0.029455	0.034458	0.0045343	-0.0307	-0.071438	-0.15028	0.1032	0.98324	0.45417	0.89086	0.009751	0.62697	-0.68784	-0.36577	1	6
0.70697	2.3879	2.1816	0.25171	0.0045343	-0.0307	-0.071438	-0.025515	0.018925	0.046381	0.0048656	0.029455	0.034458	0.62697	-0.68783	-0.36579	-0.15028	0.1032	0.98324	0.45418	0.89086	0.0097511	2	2
1.0099	0.88906	0.84667	0.32038	0.0048656	0.029455	0.034458	-0.025515	0.018925	0.046381	0.0045343	-0.0307	-0.071438	0.45418	0.89086	0.0097511	-0.15028	0.1032	0.98324	0.62697	-0.68783	-0.36579	2	4
1.4525	0.51986	1.2647	1.2821	-0.025515	0.018925	0.046381	0.0045343	-0.0307	-0.071438	0.0048656	0.029455	0.034458	-0.15028	0.1032	0.98324	0.62697	-0.68783	-0.36579	0.45418	0.89086	0.0097511	2	5
1.308	1.4992	0.41236	0.38724	-0.025515	0.018925	0.046381	0.0048656	0.029455	0.034458	0.0045343	-0.0307	-0.071438	-0.15028	0.1032	0.98324	0.45418	0.89086	0.0097511	0.62697	-0.68783	-0.36579	2	6
1.2265	1.7557	1.0298	1.1714	-0.034501	0.016438	0.044965	0.018834	-0.0027592	-0.033459	0.019927	-0.013535	-0.013122	-0.85749	0.1233	0.49951	0.96964	0.0079179	-0.2444	0.88687	-0.44765	-0.11433	3	4
1.2227	1.3732	0.99756	0.17294	0.018834	-0.0027592	-0.033459	0.019927	-0.013535	-0.013122	-0.034501	0.016438	0.044965	0.96964	0.0079179	-0.2444	0.88687	-0.44765	-0.11433	-0.85749	0.1233	0.49951	3	5
1.5991	0.88987	1.385	1.3731	0.018834	-0.0027592	-0.033459	-0.034501	0.016438	0.044965	0.019927	-0.013535	-0.013122	0.96964	0.0079179	-0.2444	-0.85749	0.1233	0.49951	0.88687	-0.44765	-0.11433	3	6
1.4188	1.2273	0.81757	0.81485	-0.0056502	-0.034866	-0.012304	-0.010371	0.025917	0.048643	0.016021	0.008949	-0.036338	-0.018474	-0.99935	-0.031047	-0.14676	0.34233	0.92805	0.91671	0.31632	-0.24412	4	2
1.352	1.2606	0.50156	0.42197	0.016021	0.008949	-0.036338	-0.0056502	-0.034866	-0.012304	-0.010371	0.025917	0.048643	0.91671	0.31632	-0.24412	-0.018474	-0.99935	-0.031047	-0.14676	0.34233	0.92805	4	3
1.4785	1.4351	0.34871	0.61678	0.016021	0.008949	-0.036338	-0.010371	0.025917	0.048643	-0.0056502	-0.034866	-0.012304	0.91671	0.31632	-0.24412	-0.14676	0.34233	0.92805	-0.018474	-0.99935	-0.031047	4	4
0.95191	1.3528	1.31	1.0196	-0.010371	0.025917	0.048643	-0.0056502	-0.034866	-0.012304	0.016021	0.008949	-0.036338	-0.14676	0.34233	0.92805	-0.018474	-0.99935	-0.031047	0.91671	0.31632	-0.24412	4	5
1.3637	1.4073	0.41759	0.62538	-0.010371	0.025917	0.048643	0.016021	0.008949	-0.036338	-0.0056502	-0.034866	-0.012304	-0.14676	0.34233	0.92805	0.91671	0.31632	-0.24412	-0.018474	-0.99935	-0.031047	4	6
1.2873	1.5777	1.4177	1.7876	0.023856	-0.0071203	-0.02418	-0.026695	0.021783	0.042398	-0.026695	0.021783	0.042398	0.96152	-0.1736	-0.21291	-0.42315	0.64745	0.63384	-0.42315	0.64745	0.63384	5	2
1.1124	1.1069	0.54646	0.092845	-0.026695	0.021783	0.042398	-0.026695	0.021783	0.042398	0.023856	-0.0071203	-0.02418	-0.42315	0.64745	0.63384	-0.42315	0.64745	0.63384	0.96152	-0.1736	-0.21291	5	4
1.4443	1.2326	0.48628	0.39881	0.022401	0.007319	-0.014511	-0.014436	-0.033351	-0.035298	-0.007965	0.026032	0.049809	0.94446	0.24594	-0.21798	-0.070267	-0.98409	-0.16319	-0.040846	0.27353	0.961	6	2
1.3824	1.906	0.62726	0.62042	-0.007965	0.026032	0.049809	0.022401	0.007319	-0.014511	-0.014436	-0.033351	-0.035298	-0.040846	0.27353	0.961	0.94446	0.24594	-0.21798	-0.070267	-0.98409	-0.16319	6	3
1.5091	1.44	0.42606	0.76058	-0.007965	0.026032	0.049809	-0.014436	-0.033351	-0.035298	0.022401	0.007319	-0.014511	-0.040846	0.27353	0.961	-0.070267	-0.98409	-0.16319	0.94446	0.24594	-0.21798	6	4
1.4145	1.787	0.4813	0.54562	-0.014436	-0.033351	-0.035298	0.022401	0.007319	-0.014511	-0.007965	0.026032	0.049809	-0.070267	-0.98409	-0.16319	0.94446	0.24594	-0.21798	-0.040846	0.27353	0.961	6	5
1.4826	1.5558	0.38276	0.75758	-0.014436	-0.033351	-0.035298	-0.007965	0.026032	0.049809	0.022401	0.007319	-0.014511	-0.070267	-0.98409	-0.16319	-0.040846	0.27353	0.961	0.94446	0.24594	-0.21798	6	6
1.0083	1.6438	1.1078	0.80529	-0.0026651	-0.035789	-0.068654	0.0032687	0.028316	0.04158	-0.010361	0.029331	0.023922	0.31521	-0.90694	-0.27947	0.33606	0.85613	0.39257	-0.1058	0.98836	0.10931	8	2
1.3044	1.1062	0.77003	0.17887	-0.010361	0.029331	0.023922	0.0032687	0.028316	0.04158	-0.0026651	-0.035789	-0.068654	-0.1058	0.98836	0.10931	0.33606	0.85613	0.39257	0.31521	-0.90694	-0.27947	8	4
1.5266	0.59193	1.3551	1.2421	0.0032687	0.028316	0.04158	-0.0026651	-0.035789	-0.068654	-0.010361	0.029331	0.023922	0.33606	0.85613	0.39257	0.31521	-0.90694	-0.27947	-0.1058	0.98836	0.10931	8	5
0.93714	1.6793	0.90313	0.73886	0.0045343	-0.0307	-0.071438	0.0048656	0.029455	0.034458	-0.025515	0.018925	0.046381	0.62697	-0.68784	-0.36577	0.45417	0.89086	0.009751	-0.15028	0.1032	0.98324	10	2
1.308	1.4992	0.41239	0.38723	-0.025515	0.018925	0.046381	0.0048656	0.029455	0.034458	0.0045343	-0.0307	-0.071438	-0.15028	0.1032	0.98324	0.45417	0.89086	0.009751	0.62697	-0.68784	-0.36577	10	4
1.5593	0.41092	1.2771	1.1209	0.0048656	0.029455	0.034458	0.0045343	-0.0307	-0.071438	-0.025515	0.018925	0.046381	0.45417	0.89086	0.009751	0.62697	-0.68784	-0.36577	-0.15028	0.1032	0.98324	10	5
1.0099	0.88913	0.84666	0.32046	0.0048656	0.029455	0.034458	-0.025515	0.018925	0.046381	0.0045343	-0.0307	-0.071438	0.45417	0.89086	0.009751	-0.15028	0.1032	0.98324	0.62697	-0.68784	-0.36577	10	6
0.93714	1.6793	0.90313	0.73886	0.0045343	-0.0307	-0.071438	0.0048656	0.029455	0.034458	-0.025515	0.018925	0.046381	0.62697	-0.68784	-0.36577	0.45417	0.89086	0.009751	-0.15028	0.1032	0.98324	12	2
1.308	1.4992	0.41238	0.38723	-0.025515	0.018925	0.046381	0.0048656	0.029455	0.034458	0.0045343	-0.0307	-0.071438	-0.15028	0.1032	0.98324	0.45417	0.89086	0.009751	0.62697	-0.68784	-0.36577	12	4
1.5593	0.41092	1.2771	1.1209	0.0048656	0.029455	0.034458	0.0045343	-0.0307	-0.071438	-0.025515	0.018925	0.046381	0.45417	0.89086	0.009751	0.62697	-0.68784	-0.36577	-0.15028	0.1032	0.98324	12	5
1.0099	0.88911	0.84666	0.32044	0.0048656	0.029455	0.034458	-0.025515	0.018925	0.046381	0.0045343	-0.0307	-0.071438	0.45417	0.89086	0.009751	-0.15028	0.1032	0.98324	0.62697	-0.68784	-0.36577	12	6
1.4525	0.51986	1.2647	1.2821	-0.025515	0.018925	0.046381	0.0045343	-0.0307	-0.071438	0.0048656	0.029455	0.034458	-0.15028	0.1032	0.98324	0.62697	-0.68784	-0.36577	0.45417	0.89086	0.009751	14	2
1.0099	0.88912	0.84666	0.32045	0.0048656	0.029455	0.034458	-0.025515	0.018925	0.046381	0.0045343	-0.0307	-0.071438	0.45417	0.89086	0.009751	-0.15028	0.1032	0.98324	0.62697	-0.68784	-0.36577	14	3
1.5593	0.41092	1.2771	1.1209	0.0048656	0.029455	0.034458	0.0045343	-0.0307	-0.071438	-0.025515	0.018925	0.046381	0.45417	0.89086	0.009751	0.62697	-0.68784	-0.36577	-0.15028	0.1032	0.98324	14	4
0.70699	2.388	2.1818	0.2516	0.0045343	-0.0307	-0.071438	-0.025515	0.018925	0.046381	0.0048656	0.029455	0.034458	0.62697	-0.68784	-0.36577	-0.15028	0.1032	0.98324	0.45417	0.89086	0.009751	14	5
0.93714	1.6793	0.90313	0.73886	0.0045343	-0.0307	-0.071438	0.0048656	0.029455	0.034458	-0.025515	0.018925	0.046381	0.62697	-0.68784	-0.36577	0.45417	0.89086	0.009751	-0.15028	0.1032	0.98324	14	6
0.70699	2.388	2.1818	0.25157	0.0045343	-0.0307	-0.071438	-0.025515	0.018925	0.046381	0.0048656	0.029455	0.034458	0.62697	-0.68784	-0.36577	-0.15028	0.1032	0.98324	0.45417	0.89086	0.009751	15	2
1.0099	0.88913	0.84666	0.32046	0.0048656	0.029455	0.034458	-0.025515	0.018925	0.046381	0.0045343	-0.0307	-0.071438	0.45417	0.89086	0.009751	-0.15028	0.1032	0.98324	0.62697	-0.68784	-0.36577	15	4
1.4525	0.51986	1.2647	1.2821	-0.025515	0.018925	0.046381	0.0045343	-0.0307	-0.071438	0.0048656	0.029455	0.034458	-0.15028	0.1032	0.98324	0.62697	-0.68784	-0.36577	0.45417	0.89086	0.009751	15	5
1.308	1.4992	0.4124	0.38723	-0.025515	0.018925	0.046381	0.0048656	0.029455	0.034458	0.0045343	-0.0307	-0.071438	-0.15028	0.1032	0.98324	0.45417	0.89086	0.009751	0.62697	-0.68784	-0.36577	15	6
1.4525	0.51986	1.2647	1.2821	-0.025515	0.018925	0.046381	0.0045343	-0.0307	-0.071438	0.0048656	0.029455	0.034458	-0.15028	0.1032	0.98324	0.62697	-0.68784	-0.36578	0.45418	0.89086	0.009751	16	2
1.0099	0.8891	0.84666	0.32042	0.0048656	0.029455	0.034458	-0.025515	0.018925	0.046381	0.0045343	-0.0307	-0.071438	0.45418	0.89086	0.009751	-0.15028	0.1032	0.98324	0.62697	-0.68784	-0.36578	16	3
1.5593	0.41092	1.2771	1.1209	0.0048656	0.029455	0.034458	0.0045343	-0.0307	-0.071438	-0.025515	0.018925	0.046381	0.45418	0.89086	0.009751	0.62697	-0.68784	-0.36578	-0.15028	0.1032	0.98324	16	4
0.70698	2.388	2.1817	0.25165	0.0045343	-0.0307	-0.071438	-0.025515	0.018925	0.046381	0.0048656	0.029455	0.034458	0.62697	-0.68784	-0.36578	-0.15028	0.1032	0.98324	0.45418	0.89086	0.009751	16	5
0.93714	1.6793	0.90313	0.73885	0.0045343	-0.0307	-0.071438	0.0048656	0.029455	0.034458	-0.025515	0.018925	0.046381	0.62697	-0.68784	-0.36578	0.45418	0.89086	0.009751	-0.15028	0.1032	0.98324	16	6
0.93714	1.6793	0.90313	0.73885	0.0045343	-0.0307	-0.071438	0.0048656	0.029455	0.034458	-0.025515	0.018925	0.046381	0.62697	-0.68783	-0.36578	0.45418	0.89086	0.009751	-0.15028	0.1032	0.98324	17	2
1.308	1.4992	0.41237	0.38723	-0.025515	0.018925	0.046381	0.0048656	0.029455	0.034458	0.0045343	-0.0307	-0.071438	-0.15028	0.1032	0.98324	0.45418	0.89086	0.009751	0.62697	-0.68783	-0.36578	17	4
1.5593	0.41092	1.2771	1.1209	0.0048656	0.029455	0.034458	0.0045343	-0.0307	-0.071438	-0.025515	0.018925	0.046381	0.45418	0.89086	0.009751	0.62697	-0.68783	-0.36578	-0.15028	0.1032	0.98324	17	5
1.0099	0.88909	0.84667	0.32041	0.0048656	0.029455	0.034458	-0.025515	0.018925	0.046381	0.0045343	-0.0307	-0.071438	0.45418	0.89086	0.009751	-0.15028	0.1032	0.98324	0.62697	-0.68783	-0.36578	17	6
0.70699	2.388	2.1818	0.25157	0.0045343	-0.0307	-0.071438	-0.025515	0.018925	0.046381	0.0048656	0.029455	0.034458	0.62697	-0.68784	-0.36577	-0.15028	0.1032	0.98324	0.45417	0.89086	0.009751	21	2
1.0099	0.88913	0.84666	0.32046	0.0048656	0.029455	0.034458	-0.025515	0.018925	0.046381	0.0045343	-0.0307	-0.071438	0.45417	0.89086	0.009751	-0.15028	0.1032	0.98324	0.62697	-0.68784	-0.36577	21	4
1.4525	0.51986	1.2647	1.2821	-0.025515	0.018925	0.046381	0.0045343	-0.0307	-0.071438	0.0048656	0.029455	0.034458	-0.15028	0.1032	0.98324	0.62697	-0.68784	-0.36577	0.45417	0.89086	0.009751	21	5
1.308	1.4992	0.4124	0.38723	-0.025515	0.018925	0.046381	0.0048656	0.029455	0.034458	0.0045343	-0.0307	-0.071438	-0.15028	0.1032	0.98324	0.45417	0.89086	0.009751	0.62697	-0.68784	-0.36577	21	6
0.93714	1.6793	0.90313	0.73886	0.0045343	-0.0307	-0.071438	0.0048656	0.029455	0.034458	-0.025515	0.018925	0.046381	0.62697	-0.68784	-0.36577	0.45417	0.89086	0.009751	-0.15028	0.1032	0.98324	22	2
1.308	1.4992	0.4124	0.38723	-0.025515	0.018925	0.046381	0.0048656	0.029455	0.034458	0.0045343	-0.0307	-0.071438	-0.15028	0.1032	0.98324	0.45417	0.89086	0.009751	0.62697	-0.68784	-0.36577	22	4
1.5593	0.41092	1.2771	1.1209	0.0048656	0.029455	0.034458	0.0045343	-0.0307	-0.071438	-0.025515	0.018925	0.046381	0.45417	0.89086	0.009751	0.62697	-0.68784	-0.36577	-0.15028	0.1032	0.98324	22	5
1.0099	0.88913	0.84666	0.32046	0.0048656	0.029455	0.034458	-0.025515	0.018925	0.046381	0.0045343	-0.0307	-0.071438	0.45417	0.89086	0.009751	-0.15028	0.1032	0.98324	0.62697	-0.68784	-0.36577	22	6
1.5991	0.88986	1.385	1.3731	0.018834	-0.0027592	-0.033459	-0.034501	0.016438	0.044965	0.019927	-0.013535	-0.013122	0.96964	0.0079189	-0.2444	-0.85749	0.1233	0.49951	0.88687	-0.44765	-0.11433	23	4
0.93647	1.6253	0.41945	1.8807	-0.034501	0.016438	0.044965	0.019927	-0.013535	-0.013122	0.018834	-0.0027592	-0.033459	-0.85749	0.1233	0.49951	0.88687	-0.44765	-0.11433	0.96964	0.0079189	-0.2444	23	5
1.2265	1.7557	1.0298	1.1714	-0.034501	0.016438	0.044965	0.018834	-0.0027592	-0.033459	0.019927	-0.013535	-0.013122	-0.85749	0.1233	0.49951	0.96964	0.0079189	-0.2444	0.88687	-0.44765	-0.11433	23	6
1.308	1.4992	0.4124	0.38723	-0.025515	0.018925	0.046381	0.0048656	0.029455	0.034458	0.0045343	-0.0307	-0.071438	-0.15028	0.1032	0.98324	0.45417	0.89086	0.009751	0.62697	-0.68784	-0.36577	24	2
0.70699	2.388	2.1818	0.25157	0.0045343	-0.0307	-0.071438	-0.025515	0.018925	0.046381	0.0048656	0.029455	0.034458	0.62697	-0.68784	-0.36577	-0.15028	0.1032	0.98324	0.45417	0.89086	0.009751	24	3
0.93714	1.6793	0.90313	0.73886	0.0045343	-0.0307	-0.071438	0.0048656	0.029455	0.034458	-0.025515	0.018925	0.046381	0.62697	-0.68784	-0.36577	0.45417	0.89086	0.009751	-0.15028	0.1032	0.98324	24	4
1.0099	0.88913	0.84666	0.32046	0.0048656	0.029455	0.034458	-0.025515	0.018925	0.046381	0.0045343	-0.0307	-0.071438	0.45417	0.89086	0.009751	-0.15028	0.1032	0.98324	0.62697	-0.68784	-0.36577	24	5
1.5593	0.41092	1.2771	1.1209	0.0048656	0.029455	0.034458	0.0045343	-0.0307	-0.071438	-0.025515	0.018925	0.046381	0.45417	0.89086	0.009751	0.62697	-0.68784	-0.36577	-0.15028	0.1032	0.98324	24	6
0.93714	1.6793	0.90313	0.73886	0.0045343	-0.0307	-0.071438	0.0048656	0.029455	0.034458	-0.025515	0.018925	0.046381	0.62697	-0.68784	-0.36577	0.45418	0.89086	0.009751	-0.15028	0.1032	0.98324	25	2
1.308	1.4992	0.41237	0.38723	-0.025515	0.018925	0.046381	0.0048656	0.029455	0.034458	0.0045343	-0.0307	-0.071438	-0.15028	0.1032	0.98324	0.45418	0.89086	0.009751	0.62697	-0.68784	-0.36577	25	4
1.5593	0.41092	1.2771	1.1209	0.0048656	0.029455	0.034458	0.0045343	-0.0307	-0.071438	-0.025515	0.018925	0.046381	0.45418	0.89086	0.009751	0.62697	-0.68784	-0.36577	-0.15028	0.1032	0.98324	25	5
1.0099	0.88912	0.84666	0.32045	0.0048656	0.029455	0.034458	-0.025515	0.018925	0.046381	0.0045343	-0.0307	-0.071438	0.45418	0.89086	0.009751	-0.15028	0.1032	0.98324	0.62697	-0.68784	-0.36577	25	6
0.70699	2.388	2.1818	0.2516	0.0045343	-0.0307	-0.071438	-0.025515	0.018925	0.046381	0.0048656	0.029455	0.034458	0.62697	-0.68784	-0.36577	-0.15028	0.1032	0.98324	0.45417	0.89086	0.009751	26	2
1.0099	0.88912	0.84666	0.32045	0.0048656	0.029455	0.034458	-0.025515	0.018925	0.046381	0.0045343	-0.0307	-0.071438	0.45417	0.89086	0.009751	-0.15028	0.1032	0.98324	0.62697	-0.68784	-0.36577	26	4
1.4525	0.51986	1.2647	1.2821	-0.025515	0.018925	0.046381	0.0045343	-0.0307	-0.071438	0.0048656	0.029455	0.034458	-0.15028	0.1032	0.98324	0.62697	-0.68784	-0.36577	0.45417	0.89086	0.009751	26	5
1.308	1.4992	0.41239	0.38723	-0.025515	0.018925	0.046381	0.0048656	0.029455	0.034458	0.0045343	-0.0307	-0.071438	-0.15028	0.1032	0.98324	0.45417	0.89086	0.009751	0.62697	-0.68784	-0.36577	26	6
1.4475	1.042	1.343	1.2292	-0.0045554	-0.035286	-0.015199	-0.013988	0.026229	0.044045	0.018543	0.0090576	-0.028846	0.010673	-0.99738	-0.0715	-0.25324	0.73611	0.62771	0.91828	0.3169	-0.23734	27	2
1.2956	1.1366	1.3623	0.79253	0.018543	0.0090576	-0.028846	-0.0045554	-0.035286	-0.015199	-0.013988	0.026229	0.044045	0.91828	0.3169	-0.23734	0.010673	-0.99738	-0.0715	-0.25324	0.73611	0.62771	27	3
1.6726	1.2604	0.17446	0.57139	0.018543	0.0090576	-0.028846	-0.013988	0.026229	0.044045	-0.0045554	-0.035286	-0.015199	0.91828	0.3169	-0.23734	-0.25324	0.73611	0.62771	0.010673	-0.99738	-0.0715	27	4
1.0721	1.4109	1.3693	1.2017	-0.013988	0.026229	0.044045	-0.0045554	-0.035286	-0.015199	0.018543	0.0090576	-0.028846	-0.25324	0.73611	0.62771	0.010673	-0.99738	-0.0715	0.91828	0.3169	-0.23734	27	5
1.3288	1.7013	0.63085	0.61664	-0.013988	0.026229	0.044045	0.018543	0.0090576	-0.028846	-0.0045554	-0.035286	-0.015199	-0.25324	0.73611	0.62771	0.91828	0.3169	-0.23734	0.010673	-0.99738	-0.0715	27	6
1.5596	1.1607	0.41428	0.4451	0.018498	0.0097593	-0.025972	-0.0093295	-0.035477	-0.020717	-0.0091688	0.025718	0.046688	0.90832	0.33874	-0.24537	-0.040362	-0.99582	-0.081948	-0.10794	0.54487	0.83155	28	2
1.3558	1.7166	0.72008	0.62121	-0.0091688	0.025718	0.046688	0.018498	0.0097593	-0.025972	-0.0093295	-0.035477	-0.020717	-0.10794	0.54487	0.83155	0.90832	0.33874	-0.24537	-0.040362	-0.99582	-0.081948	28	3
1.0311	1.3055	1.4468	1.1725	-0.0091688	0.025718	0.046688	-0.0093295	-0.035477	-0.020717	0.018498	0.0097593	-0.025972	-0.10794	0.54487	0.83155	-0.040362	-0.99582	-0.081948	0.90832	0.33874	-0.24537	28	4
1.1975	1.5971	0.36197	0.44073	-0.0093295	-0.035477	-0.020717	0.018498	0.0097593	-0.025972	-0.0091688	0.025718	0.046688	-0.040362	-0.99582	-0.081948	0.90832	0.33874	-0.24537	-0.10794	0.54487	0.83155	28	5
1.3396	1.0067	1.4039	1.2075	-0.0093295	-0.035477	-0.020717	-0.0091688	0.025718	0.046688	0.018498	0.0097593	-0.025972	-0.040362	-0.99582	-0.081948	-0.10794	0.54487	0.83155	0.90832	0.33874	-0.24537	28	6
1.1497	1.3877	1.3954	1.2652	-0.01357	0.027478	0.041117	-0.010689	-0.030397	-0.02473	0.024259	0.002919	-0.016387	-0.22393	0.87962	0.41968	-0.092663	-0.98817	-0.12218	0.97192	0.15564	-0.17647	30	4
1.6215	1.8681	0.59519	0.50781	-0.010689	-0.030397	-0.02473	0.024259	0.002919	-0.016387	-0.01357	0.027478	0.041117	-0.092663	-0.98817	-0.12218	0.97192	0.15564	-0.17647	-0.22393	0.87962	0.41968	30	5
1.4275	1.1137	1.3821	1.2816	-0.010689	-0.030397	-0.02473	-0.01357	0.027478	0.041117	0.024259	0.002919	-0.016387	-0.092663	-0.98817	-0.12218	-0.22393	0.87962	0.41968	0.97192	0.15564	-0.17647	30	6
0.70699	2.388	2.1818	0.25158	0.0045343	-0.0307	-0.071438	-0.025515	0.018925	0.046381	0.0048656	0.029455	0.034458	0.62697	-0.68784	-0.36577	-0.15028	0.1032	0.98324	0.45417	0.89086	0.009751	31	2
1.0099	0.88913	0.84666	0.32046	0.0048656	0.029455	0.034458	-0.025515	0.018925	0.046381	0.0045343	-0.0307	-0.071438	0.45417	0.89086	0.009751	-0.15028	0.1032	0.98324	0.62697	-0.68784	-0.36577	31	4
1.4525	0.51986	1.2647	1.2821	-0.025515	0.018925	0.046381	0.0045343	-0.0307	-0.071438	0.0048656	0.029455	0.034458	-0.15028	0.1032	0.98324	0.62697	-0.68784	-0.36577	0.45417	0.89086	0.009751	31	5
1.308	1.4992	0.41239	0.38723	-0.025515	0.018925	0.046381	0.0048656	0.029455	0.034458	0.0045343	-0.0307	-0.071438	-0.15028	0.1032	0.98324	0.45417	0.89086	0.009751	0.62697	-0.68784	-0.36577	31	6
1.308	1.4992	0.4124	0.38723	-0.025515	0.018925	0.046381	0.0048656	0.029455	0.034458	0.0045343	-0.0307	-0.071438	-0.15028	0.1032	0.98324	0.45417	0.89086	0.009751	0.62697	-0.68784	-0.36577	32	2
0.70699	2.388	2.1818	0.25158	0.0045343	-0.0307	-0.071438	-0.025515	0.018925	0.046381	0.0048656	0.029455	0.034458	0.62697	-0.68784	-0.36577	-0.15028	0.1032	0.98324	0.45417	0.89086	0.009751	32	3
0.93714	1.6793	0.90313	0.73886	0.0045343	-0.0307	-0.071438	0.0048656	0.029455	0.034458	-0.025515	0.018925	0.046381	0.62697	-0.68784	-0.36577	0.45417	0.89086	0.009751	-0.15028	0.1032	0.98324	32	4
1.0099	0.88914	0.84666	0.32046	0.0048656	0.029455	0.034458	-0.025515	0.018925	0.046381	0.0045343	-0.0307	-0.071438	0.45417	0.89086	0.009751	-0.15028	0.1032	0.98324	0.62697	-0.68784	-0.36577	32	5
1.5593	0.41092	1.2771	1.1209	0.0048656	0.029455	0.034458	0.0045343	-0.0307	-0.071438	-0.025515	0.018925	0.046381	0.45417	0.89086	0.009751	0.62697	-0.68784	-0.36577	-0.15028	0.1032	0.98324	32	6
1.2248	2.378	1.4236	1.8374	-0.033709	0.014948	-0.034411	0.022273	-0.013688	-0.014009	0.002281	0.028074	0.042044	-0.77499	0.62702	-0.078971	0.88544	-0.459	-0.07291	0.27329	0.84932	0.45163	34	2
1.4936	1.2359	0.87804	1.4368	0.022273	-0.013688	-0.014009	-0.033709	0.014948	-0.034411	0.002281	0.028074	0.042044	0.88544	-0.459	-0.07291	-0.77499	0.62702	-0.078971	0.27329	0.84932	0.45163	34	5
1.545	1.5008	0.87478	0.54296	0.022273	-0.013688	-0.014009	0.002281	0.028074	0.042044	-0.033709	0.014948	-0.034411	0.88544	-0.459	-0.07291	0.27329	0.84932	0.45163	-0.77499	0.62702	-0.078971	34	6
0.9888	1.4081	1.2337	1.0029	-0.012127	0.026122	0.048325	-0.0084418	-0.031382	-0.015584	0.020569	0.0052601	-0.032741	-0.23509	0.38669	0.89174	-0.048935	-0.99669	-0.064929	0.94983	0.23483	-0.20657	35	2
1.5657	1.4223	0.29924	0.63435	0.020569	0.0052601	-0.032741	-0.012127	0.026122	0.048325	-0.0084418	-0.031382	-0.015584	0.94983	0.23483	-0.20657	-0.23509	0.38669	0.89174	-0.048935	-0.99669	-0.064929	35	3
1.3651	1.2725	0.43451	0.4015	0.020569	0.0052601	-0.032741	-0.0084418	-0.031382	-0.015584	-0.012127	0.026122	0.048325	0.94983	0.23483	-0.20657	-0.048935	-0.99669	-0.064929	-0.23509	0.38669	0.89174	35	4
1.4739	1.1476	0.93124	0.88546	-0.0084418	-0.031382	-0.015584	-0.012127	0.026122	0.048325	0.020569	0.0052601	-0.032741	-0.048935	-0.99669	-0.064929	-0.23509	0.38669	0.89174	0.94983	0.23483	-0.20657	35	5
1.3058	1.3966	0.40292	0.40019	-0.0084418	-0.031382	-0.015584	0.020569	0.0052601	-0.032741	-0.012127	0.026122	0.048325	-0.048935	-0.99669	-0.064929	0.94983	0.23483	-0.20657	-0.23509	0.38669	0.89174	35	6
0.70699	2.388	2.1818	0.25159	0.0045343	-0.0307	-0.071438	-0.025515	0.018925	0.046381	0.0048656	0.029455	0.034458	0.62697	-0.68784	-0.36577	-0.15028	0.1032	0.98324	0.45417	0.89086	0.009751	36	2
1.0099	0.88913	0.84666	0.32046	0.0048656	0.029455	0.034458	-0.025515	0.018925	0.046381	0.0045343	-0.0307	-0.071438	0.45417	0.89086	0.009751	-0.15028	0.1032	0.98324	0.62697	-0.68784	-0.36577	36	4
1.4525	0.51986	1.2647	1.2821	-0.025515	0.018925	0.046381	0.0045343	-0.0307	-0.071438	0.0048656	0.029455	0.034458	-0.15028	0.1032	0.98324	0.62697	-0.68784	-0.36577	0.45417	0.89086	0.009751	36	5
1.308	1.4992	0.41239	0.38723	-0.025515	0.018925	0.046381	0.0048656	0.029455	0.034458	0.0045343	-0.0307	-0.071438	-0.15028	0.1032	0.98324	0.45417	0.89086	0.009751	0.62697	-0.68784	-0.36577	36	6
0.93714	1.6793	0.90313	0.73886	0.0045343	-0.0307	-0.071438	0.0048656	0.029455	0.034458	-0.025515	0.018925	0.046381	0.62697	-0.68784	-0.36577	0.45417	0.89086	0.009751	-0.15028	0.1032	0.98324	38	2
1.308	1.4992	0.41239	0.38723	-0.025515	0.018925	0.046381	0.0048656	0.029455	0.034458	0.0045343	-0.0307	-0.071438	-0.15028	0.1032	0.98324	0.45417	0.89086	0.009751	0.62697	-0.68784	-0.36577	38	4
1.5593	0.41092	1.2771	1.1209	0.0048656	0.029455	0.034458	0.0045343	-0.0307	-0.071438	-0.025515	0.018925	0.046381	0.45417	0.89086	0.009751	0.62697	-0.68784	-0.36577	-0.15028	0.1032	0.98324	38	5
1.0099	0.88913	0.84666	0.32046	0.0048656	0.029455	0.034458	-0.025515	0.018925	0.046381	0.0045343	-0.0307	-0.071438	0.45417	0.89086	0.009751	-0.15028	0.1032	0.98324	0.62697	-0.68784	-0.36577	38	6
0.70699	2.388	2.1818	0.25157	0.0045343	-0.0307	-0.071438	-0.025515	0.018925	0.046381	0.0048656	0.029455	0.034458	0.62697	-0.68784	-0.36577	-0.15028	0.1032	0.98324	0.45417	0.89086	0.009751	39	2
1.0099	0.88913	0.84666	0.32046	0.0048656	0.029455	0.034458	-0.025515	0.018925	0.046381	0.0045343	-0.0307	-0.071438	0.45417	0.89086	0.009751	-0.15028	0.1032	0.98324	0.62697	-0.68784	-0.36577	39	4
1.4525	0.51986	1.2647	1.2821	-0.025515	0.018925	0.046381	0.0045343	-0.0307	-0.071438	0.0048656	0.029455	0.034458	-0.15028	0.1032	0.98324	0.62697	-0.68784	-0.36577	0.45417	0.89086	0.009751	39	5
1.308	1.4992	0.4124	0.38723	-0.025515	0.018925	0.046381	0.0048656	0.029455	0.034458	0.0045343	-0.0307	-0.071438	-0.15028	0.1032	0.98324	0.45417	0.89086	0.009751	0.62697	-0.68784	-0.36577	39	6
1.4936	1.2359	0.87804	1.4368	0.022273	-0.013688	-0.014009	-0.033709	0.014948	-0.034411	0.002281	0.028074	0.042044	0.88544	-0.459	-0.07291	-0.77499	0.62702	-0.078971	0.27329	0.84932	0.45163	40	2
1.6043	0.96461	0.38276	0.52598	0.002281	0.028074	0.042044	-0.033709	0.014948	-0.034411	0.022273	-0.013688	-0.014009	0.27329	0.84932	0.45163	-0.77499	0.62702	-0.078971	0.88544	-0.459	-0.07291	40	4
1.2248	2.378	1.4236	1.8374	-0.033709	0.014948	-0.034411	0.022273	-0.013688	-0.014009	0.002281	0.028074	0.042044	-0.77499	0.62702	-0.078971	0.88544	-0.459	-0.07291	0.27329	0.84932	0.45163	40	5
0.70699	2.388	2.1818	0.25159	0.0045343	-0.0307	-0.071438	-0.025515	0.018925	0.046381	0.0048656	0.029455	0.034458	0.62697	-0.68784	-0.36577	-0.15028	0.1032	0.98324	0.45417	0.89086	0.009751	41	2
1.0099	0.88913	0.84666	0.32046	0.0048656	0.029455	0.034458	-0.025515	0.018925	0.046381	0.0045343	-0.0307	-0.071438	0.45417	0.89086	0.009751	-0.15028	0.1032	0.98324	0.62697	-0.68784	-0.36577	41	4
1.4525	0.51986	1.2647	1.2821	-0.025515	0.018925	0.046381	0.0045343	-0.0307	-0.071438	0.0048656	0.029455	0.034458	-0.15028	0.1032	0.98324	0.62697	-0.68784	-0.36577	0.45417	0.89086	0.009751	41	5
1.308	1.4992	0.41239	0.38723	-0.025515	0.018925	0.046381	0.0048656	0.029455	0.034458	0.0045343	-0.0307	-0.071438	-0.15028	0.1032	0.98324	0.45417	0.89086	0.009751	0.62697	-0.68784	-0.36577	41	6
0.70699	2.388	2.1818	0.25158	0.0045343	-0.0307	-0.071438	-0.025515	0.018925	0.046381	0.0048656	0.029455	0.034458	0.62697	-0.68784	-0.36577	-0.15028	0.1032	0.98324	0.45417	0.89086	0.009751	42	2
1.0099	0.88914	0.84666	0.32046	0.0048656	0.029455	0.034458	-0.025515	0.018925	0.046381	0.0045343	-0.0307	-0.071438	0.45417	0.89086	0.009751	-0.15028	0.1032	0.98324	0.62697	-0.68784	-0.36577	42	4
1.4525	0.51986	1.2647	1.2821	-0.025515	0.018925	0.046381	0.0045343	-0.0307	-0.071438	0.0048656	0.029455	0.034458	-0.15028	0.1032	0.98324	0.62697	-0.68784	-0.36577	0.45417	0.89086	0.009751	42	5
1.308	1.4992	0.4124	0.38723	-0.025515	0.018925	0.046381	0.0048656	0.029455	0.034458	0.0045343	-0.0307	-0.071438	-0.15028	0.1032	0.98324	0.45417	0.89086	0.009751	0.62697	-0.68784	-0.36577	42	6
0.70699	2.388	2.1818	0.25158	0.0045343	-0.0307	-0.071438	-0.025515	0.018925	0.046381	0.0048656	0.029455	0.034458	0.62697	-0.68784	-0.36577	-0.15028	0.1032	0.98324	0.45417	0.89086	0.009751	43	2
1.0099	0.88914	0.84666	0.32046	0.0048656	0.029455	0.034458	-0.025515	0.018925	0.046381	0.0045343	-0.0307	-0.071438	0.45417	0.89086	0.009751	-0.15028	0.1032	0.98324	0.62697	-0.68784	-0.36577	43	4
1.4525	0.51986	1.2647	1.2821	-0.025515	0.018925	0.046381	0.0045343	-0.0307	-0.071438	0.0048656	0.029455	0.034458	-0.15028	0.1032	0.98324	0.62697	-0.68784	-0.36577	0.45417	0.89086	0.009751	43	5
1.308	1.4992	0.4124	0.38723	-0.025515	0.018925	0.046381	0.0048656	0.029455	0.034458	0.0045343	-0.0307	-0.071438	-0.15028	0.1032	0.98324	0.45417	0.89086	0.009751	0.62697	-0.68784	-0.36577	43	6
1.212	1.3648	0.46616	0.36548	0.0035896	-0.035067	-0.013894	0.01618	0.011653	-0.033518	-0.019769	0.023414	0.047411	0.30248	-0.94699	-0.10824	0.90181	0.36778	-0.2269	-0.26048	0.34542	0.90157	44	2
1.3123	1.5382	0.49179	0.64284	-0.019769	0.023414	0.047411	0.0035896	-0.035067	-0.013894	0.01618	0.011653	-0.033518	-0.26048	0.34542	0.90157	0.30248	-0.94699	-0.10824	0.90181	0.36778	-0.2269	44	3
1.2271	1.6054	0.44069	0.62403	-0.019769	0.023414	0.047411	0.01618	0.011653	-0.033518	0.0035896	-0.035067	-0.013894	-0.26048	0.34542	0.90157	0.90181	0.36778	-0.2269	0.30248	-0.94699	-0.10824	44	4
1.3321	1.176	0.4995	0.36535	0.01618	0.011653	-0.033518	0.0035896	-0.035067	-0.013894	-0.019769	0.023414	0.047411	0.90181	0.36778	-0.2269	0.30248	-0.94699	-0.10824	-0.26048	0.34542	0.90157	44	5
1.6247	1.2483	0.42157	0.61271	0.01618	0.011653	-0.033518	-0.019769	0.023414	0.047411	0.0035896	-0.035067	-0.013894	0.90181	0.36778	-0.2269	-0.26048	0.34542	0.90157	0.30248	-0.94699	-0.10824	44	6
1.0099	0.88914	0.84666	0.32046	0.0048656	0.029455	0.034458	-0.025515	0.018925	0.046381	0.0045343	-0.0307	-0.071438	0.45417	0.89086	0.009751	-0.15028	0.1032	0.98324	0.62697	-0.68784	-0.36577	45	2
0.93714	1.6793	0.90313	0.73886	0.0045343	-0.0307	-0.071438	0.0048656	0.029455	0.034458	-0.025515	0.018925	0.046381	0.62697	-0.68784	-0.36577	0.45417	0.89086	0.009751	-0.15028	0.1032	0.98324	45	3
0.70699	2.388	2.1818	0.25158	0.0045343	-0.0307	-0.071438	-0.025515	0.018925	0.046381	0.0048656	0.029455	0.034458	0.62697	-0.68784	-0.36577	-0.15028	0.1032	0.98324	0.45417	0.89086	0.009751	45	4
1.308	1.4992	0.4124	0.38723	-0.025515	0.018925	0.046381	0.0048656	0.029455	0.034458	0.0045343	-0.0307	-0.071438	-0.15028	0.1032	0.98324	0.45417	0.89086	0.009751	0.62697	-0.68784	-0.36577	45	5
1.4525	0.51986	1.2647	1.2821	-0.025515	0.018925	0.046381	0.0045343	-0.0307	-0.071438	0.0048656	0.029455	0.034458	-0.15028	0.1032	0.98324	0.62697	-0.68784	-0.36577	0.45417	0.89086	0.009751	45	6
1.4634	2.0369	1.6905	1.5268	0.011208	-0.027904	-0.033872	-0.032036	0.01989	-0.0038049	0.0051661	0.02881	0.038021	0.56795	-0.81806	-0.090598	-0.74056	0.67158	0.023228	0.47716	0.87129	0.11477	47	3
1.4341	1.6619	1.0178	0.71981	0.011208	-0.027904	-0.033872	0.0051661	0.02881	0.038021	-0.032036	0.01989	-0.0038049	0.56795	-0.81806	-0.090598	0.47716	0.87129	0.11477	-0.74056	0.67158	0.023228	47	4
1.4956	1.7721	0.66487	0.55544	0.0051661	0.02881	0.038021	-0.032036	0.01989	-0.0038049	0.011208	-0.027904	-0.033872	0.47716	0.87129	0.11477	-0.74056	0.67158	0.023228	0.56795	-0.81806	-0.090598	47	5
1.2249	1.0003	1.7172	1.0096	0.0051661	0.02881	0.038021	0.011208	-0.027904	-0.033872	-0.032036	0.01989	-0.0038049	0.47716	0.87129	0.11477	0.56795	-0.81806	-0.090598	-0.74056	0.67158	0.023228	47	6
0.93714	1.6793	0.90313	0.73886	0.0045343	-0.0307	-0.071438	0.0048656	0.029455	0.034458	-0.025515	0.018925	0.046381	0.62697	-0.68784	-0.36577	0.45417	0.89086	0.009751	-0.15028	0.1032	0.98324	48	2
1.308	1.4992	0.4124	0.38723	-0.025515	0.018925	0.046381	0.0048656	0.029455	0.034458	0.0045343	-0.0307	-0.071438	-0.15028	0.1032	0.98324	0.45417	0.89086	0.009751	0.62697	-0.68784	-0.36577	48	4
1.5593	0.41092	1.2771	1.1209	0.0048656	0.029455	0.034458	0.0045343	-0.0307	-0.071438	-0.025515	0.018925	0.046381	0.45417	0.89086	0.009751	0.62697	-0.68784	-0.36577	-0.15028	0.1032	0.98324	48	5
1.0099	0.88913	0.84666	0.32046	0.0048656	0.029455	0.034458	-0.025515	0.018925	0.046381	0.0045343	-0.0307	-0.071438	0.45417	0.89086	0.009751	-0.15028	0.1032	0.98324	0.62697	-0.68784	-0.36577	48	6
0.70699	2.388	2.1818	0.25158	0.0045343	-0.0307	-0.071438	-0.025515	0.018925	0.046381	0.0048656	0.029455	0.034458	0.62697	-0.68784	-0.36577	-0.15028	0.1032	0.98324	0.45417	0.89086	0.009751	49	2
1.0099	0.88914	0.84666	0.32046	0.0048656	0.029455	0.034458	-0.025515	0.018925	0.046381	0.0045343	-0.0307	-0.071438	0.45417	0.89086	0.009751	-0.15028	0.1032	0.98324	0.62697	-0.68784	-0.36577	49	4
1.4525	0.51986	1.2647	1.2821	-0.025515	0.018925	0.046381	0.0045343	-0.0307	-0.071438	0.0048656	0.029455	0.034458	-0.15028	0.1032	0.98324	0.62697	-0.68784	-0.36577	0.45417	0.89086	0.009751	49	5
1.308	1.4992	0.4124	0.38723	-0.025515	0.018925	0.046381	0.0048656	0.029455	0.034458	0.0045343	-0.0307	-0.071438	-0.15028	0.1032	0.98324	0.45417	0.89086	0.009751	0.62697	-0.68784	-0.36577	49	6
1.5991	0.88987	1.385	1.3731	0.018834	-0.0027592	-0.033459	-0.034501	0.016438	0.044965	0.019927	-0.013535	-0.013122	0.96964	0.0079179	-0.2444	-0.85749	0.1233	0.49951	0.88687	-0.44765	-0.11433	50	4
0.93646	1.6253	0.41944	1.8807	-0.034501	0.016438	0.044965	0.019927	-0.013535	-0.013122	0.018834	-0.0027592	-0.033459	-0.85749	0.1233	0.49951	0.88687	-0.44765	-0.11433	0.96964	0.0079179	-0.2444	50	5
1.2265	1.7557	1.0298	1.1714	-0.034501	0.016438	0.044965	0.018834	-0.0027592	-0.033459	0.019927	-0.013535	-0.013122	-0.85749	0.1233	0.49951	0.96964	0.0079179	-0.2444	0.88687	-0.44765	-0.11433	50	6
1.0099	0.88913	0.84666	0.32045	0.0048656	0.029455	0.034458	-0.025515	0.018925	0.046381	0.0045343	-0.0307	-0.071438	0.45417	0.89086	0.009751	-0.15028	0.1032	0.98324	0.62697	-0.68784	-0.36577	52	2
0.93714	1.6793	0.90313	0.73886	0.0045343	-0.0307	-0.071438	0.0048656	0.029455	0.034458	-0.025515	0.018925	0.046381	0.62697	-0.68784	-0.36577	0.45417	0.89086	0.009751	-0.15028	0.1032	0.98324	52	3
0.70699	2.388	2.1818	0.2516	0.0045343	-0.0307	-0.071438	-0.025515	0.018925	0.046381	0.0048656	0.029455	0.034458	0.62697	-0.68784	-0.36577	-0.15028	0.1032	0.98324	0.45417	0.89086	0.009751	52	4
1.308	1.4992	0.41239	0.38723	-0.025515	0.018925	0.046381	0.0048656	0.029455	0.034458	0.0045343	-0.0307	-0.071438	-0.15028	0.1032	0.98324	0.45417	0.89086	0.009751	0.62697	-0.68784	-0.36577	52	5
1.4525	0.51986	1.2647	1.2821	-0.025515	0.018925	0.046381	0.0045343	-0.0307	-0.071438	0.0048656	0.029455	0.034458	-0.15028	0.1032	0.98324	0.62697	-0.68784	-0.36577	0.45417	0.89086	0.009751	52	6
0.93714	1.6793	0.90313	0.73886	0.0045343	-0.0307	-0.071438	0.0048656	0.029455	0.034458	-0.025515	0.018925	0.046381	0.62697	-0.68784	-0.36577	0.45417	0.89086	0.009751	-0.15028	0.1032	0.98324	53	2
1.308	1.4992	0.41239	0.38723	-0.025515	0.018925	0.046381	0.0048656	0.029455	0.034458	0.0045343	-0.0307	-0.071438	-0.15028	0.1032	0.98324	0.45417	0.89086	0.009751	0.62697	-0.68784	-0.36577	53	4
1.5593	0.41092	1.2771	1.1209	0.0048656	0.029455	0.034458	0.0045343	-0.0307	-0.071438	-0.025515	0.018925	0.046381	0.45417	0.89086	0.009751	0.62697	-0.68784	-0.36577	-0.15028	0.1032	0.98324	53	5
1.0099	0.88913	0.84666	0.32046	0.0048656	0.029455	0.034458	-0.025515	0.018925	0.046381	0.0045343	-0.0307	-0.071438	0.45417	0.89086	0.009751	-0.15028	0.1032	0.98324	0.62697	-0.68784	-0.36577	53	6
1.088	1.8458	0.53339	0.61913	-0.03101	0.018177	0.045229	0.012191	-0.026389	-0.012667	0.018819	0.008212	-0.032562	-0.43661	0.19563	0.87812	0.62534	-0.77739	-0.067954	0.93093	0.29261	-0.2185	57	3
1.1753	1.8841	0.49651	0.70348	-0.03101	0.018177	0.045229	0.018819	0.008212	-0.032562	0.012191	-0.026389	-0.012667	-0.43661	0.19563	0.87812	0.93093	0.29261	-0.2185	0.62534	-0.77739	-0.067954	57	4
1.1653	1.2116	0.52057	0.25815	0.018819	0.008212	-0.032562	0.012191	-0.026389	-0.012667	-0.03101	0.018177	0.045229	0.93093	0.29261	-0.2185	0.62534	-0.77739	-0.067954	-0.43661	0.19563	0.87812	57	5
1.8489	1.1486	0.52731	0.68969	0.018819	0.008212	-0.032562	-0.03101	0.018177	0.045229	0.012191	-0.026389	-0.012667	0.93093	0.29261	-0.2185	-0.43661	0.19563	0.87812	0.62534	-0.77739	-0.067954	57	6
0.93714	1.6793	0.90313	0.73886	0.0045343	-0.0307	-0.071438	0.0048656	0.029455	0.034458	-0.025515	0.018925	0.046381	0.62697	-0.68784	-0.36577	0.45417	0.89086	0.009751	-0.15028	0.1032	0.98324	59	2
1.308	1.4992	0.4124	0.38723	-0.025515	0.018925	0.046381	0.0048656	0.029455	0.034458	0.0045343	-0.0307	-0.071438	-0.15028	0.1032	0.98324	0.45417	0.89086	0.009751	0.62697	-0.68784	-0.36577	59	4
1.5593	0.41092	1.2771	1.1209	0.0048656	0.029455	0.034458	0.0045343	-0.0307	-0.071438	-0.025515	0.018925	0.046381	0.45417	0.89086	0.009751	0.62697	-0.68784	-0.36577	-0.15028	0.1032	0.98324	59	5
1.0099	0.88914	0.84666	0.32046	0.0048656	0.029455	0.034458	-0.025515	0.018925	0.046381	0.0045343	-0.0307	-0.071438	0.45417	0.89086	0.009751	-0.15028	0.1032	0.98324	0.62697	-0.68784	-0.36577	59	6
0.70699	2.388	2.1818	0.25159	0.0045343	-0.0307	-0.071438	-0.025515	0.018925	0.046381	0.0048656	0.029455	0.034458	0.62697	-0.68784	-0.36577	-0.15028	0.1032	0.98324	0.45417	0.89086	0.009751	60	2
1.0099	0.88913	0.84666	0.32046	0.0048656	0.029455	0.034458	-0.025515	0.018925	0.046381	0.0045343	-0.0307	-0.071438	0.45417	0.89086	0.009751	-0.15028	0.1032	0.98324	0.62697	-0.68784	-0.36577	60	4
1.4525	0.51986	1.2647	1.2821	-0.025515	0.018925	0.046381	0.0045343	-0.0307	-0.071438	0.0048656	0.029455	0.034458	-0.15028	0.1032	0.98324	0.62697	-0.68784	-0.36577	0.45417	0.89086	0.009751	60	5
1.308	1.4992	0.41239	0.38723	-0.025515	0.018925	0.046381	0.0048656	0.029455	0.034458	0.0045343	-0.0307	-0.071438	-0.15028	0.1032	0.98324	0.45417	0.89086	0.009751	0.62697	-0.68784	-0.36577	60	6
0.70699	2.388	2.1818	0.25159	0.0045343	-0.0307	-0.071438	-0.025515	0.018925	0.046381	0.0048656	0.029455	0.034458	0.62697	-0.68784	-0.36577	-0.15028	0.1032	0.98324	0.45417	0.89086	0.009751	61	2
1.0099	0.88913	0.84666	0.32046	0.0048656	0.029455	0.034458	-0.025515	0.018925	0.046381	0.0045343	-0.0307	-0.071438	0.45417	0.89086	0.009751	-0.15028	0.1032	0.98324	0.62697	-0.68784	-0.36577	61	4
1.4525	0.51986	1.2647	1.2821	-0.025515	0.018925	0.046381	0.0045343	-0.0307	-0.071438	0.0048656	0.029455	0.034458	-0.15028	0.1032	0.98324	0.62697	-0.68784	-0.36577	0.45417	0.89086	0.009751	61	5
1.308	1.4992	0.41239	0.38723	-0.025515	0.018925	0.046381	0.0048656	0.029455	0.034458	0.0045343	-0.0307	-0.071438	-0.15028	0.1032	0.98324	0.45417	0.89086	0.009751	0.62697	-0.68784	-0.36577	61	6
1.5991	0.88987	1.385	1.3731	0.018834	-0.0027592	-0.033459	-0.034501	0.016438	0.044965	0.019927	-0.013535	-0.013122	0.96964	0.0079179	-0.2444	-0.85749	0.1233	0.49951	0.88687	-0.44765	-0.11433	63	4
0.93646	1.6253	0.41944	1.8807	-0.034501	0.016438	0.044965	0.019927	-0.013535	-0.013122	0.018834	-0.0027592	-0.033459	-0.85749	0.1233	0.49951	0.88687	-0.44765	-0.11433	0.96964	0.0079179	-0.2444	63	5
1.2265	1.7557	1.0298	1.1714	-0.034501	0.016438	0.044965	0.018834	-0.0027592	-0.033459	0.019927	-0.013535	-0.013122	-0.85749	0.1233	0.49951	0.96964	0.0079179	-0.2444	0.88687	-0.44765	-0.11433	63	6
0.93714	1.6793	0.90313	0.73885	0.0045343	-0.0307	-0.071438	0.0048656	0.029455	0.034458	-0.025515	0.018925	0.046381	0.62697	-0.68783	-0.36579	0.45418	0.89086	0.0097511	-0.15028	0.1032	0.98324	64	2
1.308	1.4993	0.41235	0.38724	-0.025515	0.018925	0.046381	0.0048656	0.029455	0.034458	0.0045343	-0.0307	-0.071438	-0.15028	0.1032	0.98324	0.45418	0.89086	0.0097511	0.62697	-0.68783	-0.36579	64	4
1.5593	0.41093	1.2771	1.1209	0.0048656	0.029455	0.034458	0.0045343	-0.0307	-0.071438	-0.025515	0.018925	0.046381	0.45418	0.89086	0.0097511	0.62697	-0.68783	-0.36579	-0.15028	0.1032	0.98324	64	5
1.0099	0.88906	0.84667	0.32038	0.0048656	0.029455	0.034458	-0.025515	0.018925	0.046381	0.0045343	-0.0307	-0.071438	0.45418	0.89086	0.0097511	-0.15028	0.1032	0.98324	0.62697	-0.68783	-0.36579	64	6
1.6542	1.206	0.64807	0.65407	0.0084499	-0.026066	-0.0316	-0.03008	0.015637	0.047371	0.02163	0.010429	-0.015771	0.5175	-0.8467	-0.12369	-0.12172	-0.017922	0.9924	0.91507	0.33999	-0.2169	65	2
1.1717	1.2958	0.69135	0.25919	0.02163	0.010429	-0.015771	0.0084499	-0.026066	-0.0316	-0.03008	0.015637	0.047371	0.91507	0.33999	-0.2169	0.5175	-0.8467	-0.12369	-0.12172	-0.017922	0.9924	65	3
1.5882	1.2648	0.6894	0.52666	0.02163	0.010429	-0.015771	-0.03008	0.015637	0.047371	0.0084499	-0.026066	-0.0316	0.91507	0.33999	-0.2169	-0.12172	-0.017922	0.9924	0.5175	-0.8467	-0.12369	65	4
1.201	1.6569	0.64864	0.66519	-0.03008	0.015637	0.047371	0.0084499	-0.026066	-0.0316	0.02163	0.010429	-0.015771	-0.12172	-0.017922	0.9924	0.5175	-0.8467	-0.12369	0.91507	0.33999	-0.2169	65	5
1.0002	1.8563	1.1907	1.5396	-0.03008	0.015637	0.047371	0.02163	0.010429	-0.015771	0.0084499	-0.026066	-0.0316	-0.12172	-0.017922	0.9924	0.91507	0.33999	-0.2169	0.5175	-0.8467	-0.12369	65	6
1.5175	0.95837	1.3712	1.3717	0.0081839	-0.023218	-0.032973	-0.03172	0.02204	0.044789	0.023537	0.0011772	-0.011816	0.55516	-0.81844	-0.14818	-0.57931	0.70631	0.40684	0.98372	0.010927	-0.17937	66	2
1.353	1.0739	0.26387	0.21691	0.023537	0.0011772	-0.011816	0.0081839	-0.023218	-0.032973	-0.03172	0.02204	0.044789	0.98372	0.010927	-0.17937	0.55516	-0.81844	-0.14818	-0.57931	0.70631	0.40684	66	3
1.7418	0.76905	1.303	1.0612	0.023537	0.0011772	-0.011816	-0.03172	0.02204	0.044789	0.0081839	-0.023218	-0.032973	0.98372	0.010927	-0.17937	-0.57931	0.70631	0.40684	0.55516	-0.81844	-0.14818	66	4
1.0381	1.4869	1.1927	1.4832	-0.03172	0.02204	0.044789	0.0081839	-0.023218	-0.032973	0.023537	0.0011772	-0.011816	-0.57931	0.70631	0.40684	0.55516	-0.81844	-0.14818	0.98372	0.010927	-0.17937	66	5
1.3399	1.9795	0.74798	0.61057	-0.03172	0.02204	0.044789	0.023537	0.0011772	-0.011816	0.0081839	-0.023218	-0.032973	-0.57931	0.70631	0.40684	0.98372	0.010927	-0.17937	0.55516	-0.81844	-0.14818	66	6
0.70699	2.388	2.1818	0.25158	0.0045343	-0.0307	-0.071438	-0.025515	0.018925	0.046381	0.0048656	0.029455	0.034458	0.62697	-0.68784	-0.36577	-0.15028	0.1032	0.98324	0.45417	0.89086	0.009751	67	2
1.0099	0.88913	0.84666	0.32046	0.0048656	0.029455	0.034458	-0.025515	0.018925	0.046381	0.0045343	-0.0307	-0.071438	0.45417	0.89086	0.009751	-0.15028	0.1032	0.98324	0.62697	-0.68784	-0.36577	67	4
1.4525	0.51986	1.2647	1.2821	-0.025515	0.018925	0.046381	0.0045343	-0.0307	-0.071438	0.0048656	0.029455	0.034458	-0.15028	0.1032	0.98324	0.62697	-0.68784	-0.36577	0.45417	0.89086	0.009751	67	5
1.308	1.4992	0.41239	0.38723	-0.025515	0.018925	0.046381	0.0048656	0.029455	0.034458	0.0045343	-0.0307	-0.071438	-0.15028	0.1032	0.98324	0.45417	0.89086	0.009751	0.62697	-0.68784	-0.36577	67	6
0.93714	1.6793	0.90313	0.73886	0.0045343	-0.0307	-0.071438	0.0048656	0.029455	0.034458	-0.025515	0.018925	0.046381	0.62697	-0.68784	-0.36577	0.45417	0.89086	0.009751	-0.15028	0.1032	0.98324	68	2
1.308	1.4992	0.41238	0.38723	-0.025515	0.018925	0.046381	0.0048656	0.029455	0.034458	0.0045343	-0.0307	-0.071438	-0.15028	0.1032	0.98324	0.45417	0.89086	0.009751	0.62697	-0.68784	-0.36577	68	4
1.5593	0.41092	1.2771	1.1209	0.0048656	0.029455	0.034458	0.0045343	-0.0307	-0.071438	-0.025515	0.018925	0.046381	0.45417	0.89086	0.009751	0.62697	-0.68784	-0.36577	-0.15028	0.1032	0.98324	68	5
1.0099	0.88912	0.84666	0.32045	0.0048656	0.029455	0.034458	-0.025515	0.018925	0.046381	0.0045343	-0.0307	-0.071438	0.45417	0.89086	0.009751	-0.15028	0.1032	0.98324	0.62697	-0.68784	-0.36577	68	6
1.5547	1.8204	0.45507	0.53232	-0.005668	-0.035623	-0.019056	0.018891	0.0095214	-0.026032	-0.013224	0.026101	0.045088	0.022418	-0.99269	-0.11861	0.91308	0.32941	-0.24037	-0.2376	0.66986	0.70344	69	2
1.3457	1.7341	0.7015	0.6125	-0.013224	0.026101	0.045088	0.018891	0.0095214	-0.026032	-0.005668	-0.035623	-0.019056	-0.2376	0.66986	0.70344	0.91308	0.32941	-0.24037	0.022418	-0.99269	-0.11861	69	4
1.5956	1.1179	0.33999	0.4336	0.018891	0.0095214	-0.026032	-0.005668	-0.035623	-0.019056	-0.013224	0.026101	0.045088	0.91308	0.32941	-0.24037	0.022418	-0.99269	-0.11861	-0.2376	0.66986	0.70344	69	5
1.6582	1.2584	0.19671	0.55124	0.018891	0.0095214	-0.026032	-0.013224	0.026101	0.045088	-0.005668	-0.035623	-0.019056	0.91308	0.32941	-0.24037	-0.2376	0.66986	0.70344	0.022418	-0.99269	-0.11861	69	6
0.93714	1.6793	0.90313	0.73886	0.0045343	-0.0307	-0.071438	0.0048656	0.029455	0.034458	-0.025515	0.018925	0.046381	0.62697	-0.68784	-0.36577	0.45417	0.89086	0.009751	-0.15028	0.1032	0.98324	70	2
1.308	1.4992	0.41239	0.38723	-0.025515	0.018925	0.046381	0.0048656	0.029455	0.034458	0.0045343	-0.0307	-0.071438	-0.15028	0.1032	0.98324	0.45417	0.89086	0.009751	0.62697	-0.68784	-0.36577	70	4
1.5593	0.41092	1.2771	1.1209	0.0048656	0.029455	0.034458	0.0045343	-0.0307	-0.071438	-0.025515	0.018925	0.046381	0.45417	0.89086	0.009751	0.62697	-0.68784	-0.36577	-0.15028	0.1032	0.98324	70	5
1.0099	0.88913	0.84666	0.32045	0.0048656	0.029455	0.034458	-0.025515	0.018925	0.046381	0.0045343	-0.0307	-0.071438	0.45417	0.89086	0.009751	-0.15028	0.1032	0.98324	0.62697	-0.68784	-0.36577	70	6
1.1949	2.3355	2.0072	3.4413	-0.007187	-0.036798	-0.069178	0.00073254	0.027514	0.039098	0.0024266	0.028152	0.034936	0.19042	-0.9112	-0.36531	0.24909	0.92184	0.29692	0.38145	0.92204	0.065838	71	2
0.825	0.72927	0.76049	0.026417	0.0024266	0.028152	0.034936	0.00073254	0.027514	0.039098	-0.007187	-0.036798	-0.069178	0.38145	0.92204	0.065838	0.24909	0.92184	0.29692	0.19042	-0.9112	-0.36531	71	4
1.5755	0.9051	1.5485	0.031406	0.00073254	0.027514	0.039098	-0.007187	-0.036798	-0.069178	0.0024266	0.028152	0.034936	0.24909	0.92184	0.29692	0.19042	-0.9112	-0.36531	0.38145	0.92204	0.065838	71	5
1.4063	1.0312	1.3405	1.147	-0.0066332	-0.033135	-0.025913	-0.015319	0.026568	0.047352	0.021952	0.0065675	-0.021439	0.079579	-0.98383	-0.16044	-0.3486	0.53808	0.76743	0.94166	0.255	-0.21966	72	2
1.4711	1.2016	0.30241	0.37922	0.021952	0.0065675	-0.021439	-0.0066332	-0.033135	-0.025913	-0.015319	0.026568	0.047352	0.94166	0.255	-0.21966	0.079579	-0.98383	-0.16044	-0.3486	0.53808	0.76743	72	3
1.7012	1.2481	0.24967	0.56731	0.021952	0.0065675	-0.021439	-0.015319	0.026568	0.047352	-0.0066332	-0.033135	-0.025913	0.94166	0.255	-0.21966	-0.3486	0.53808	0.76743	0.079579	-0.98383	-0.16044	72	4
1.1161	1.4189	1.1588	1.0978	-0.015319	0.026568	0.047352	-0.0066332	-0.033135	-0.025913	0.021952	0.0065675	-0.021439	-0.3486	0.53808	0.76743	0.079579	-0.98383	-0.16044	0.94166	0.255	-0.21966	72	5
1.3963	1.8643	0.66739	0.65914	-0.015319	0.026568	0.047352	0.021952	0.0065675	-0.021439	-0.0066332	-0.033135	-0.025913	-0.3486	0.53808	0.76743	0.94166	0.255	-0.21966	0.079579	-0.98383	-0.16044	72	6
0.93714	1.6793	0.90313	0.73886	0.0045343	-0.0307	-0.071438	0.0048656	0.029455	0.034458	-0.025515	0.018925	0.046381	0.62697	-0.68784	-0.36577	0.45417	0.89086	0.009751	-0.15028	0.1032	0.98324	73	2
1.308	1.4992	0.4124	0.38723	-0.025515	0.018925	0.046381	0.0048656	0.029455	0.034458	0.0045343	-0.0307	-0.071438	-0.15028	0.1032	0.98324	0.45417	0.89086	0.009751	0.62697	-0.68784	-0.36577	73	4
1.5593	0.41092	1.2771	1.1209	0.0048656	0.029455	0.034458	0.0045343	-0.0307	-0.071438	-0.025515	0.018925	0.046381	0.45417	0.89086	0.009751	0.62697	-0.68784	-0.36577	-0.15028	0.1032	0.98324	73	5
1.0099	0.88913	0.84666	0.32046	0.0048656	0.029455	0.034458	-0.025515	0.018925	0.046381	0.0045343	-0.0307	-0.071438	0.45417	0.89086	0.009751	-0.15028	0.1032	0.98324	0.62697	-0.68784	-0.36577	73	6
0.93714	1.6793	0.90313	0.73886	0.0045343	-0.0307	-0.071438	0.0048656	0.029455	0.034458	-0.025515	0.018925	0.046381	0.62697	-0.68784	-0.36577	0.45417	0.89086	0.009751	-0.15028	0.1032	0.98324	74	2
1.308	1.4992	0.41239	0.38723	-0.025515	0.018925	0.046381	0.0048656	0.029455	0.034458	0.0045343	-0.0307	-0.071438	-0.15028	0.1032	0.98324	0.45417	0.89086	0.009751	0.62697	-0.68784	-0.36577	74	4
1.5593	0.41092	1.2771	1.1209	0.0048656	0.029455	0.034458	0.0045343	-0.0307	-0.071438	-0.025515	0.018925	0.046381	0.45417	0.89086	0.009751	0.62697	-0.68784	-0.36577	-0.15028	0.1032	0.98324	74	5
1.0099	0.88913	0.84666	0.32045	0.0048656	0.029455	0.034458	-0.025515	0.018925	0.046381	0.0045343	-0.0307	-0.071438	0.45417	0.89086	0.009751	-0.15028	0.1032	0.98324	0.62697	-0.68784	-0.36577	74	6
1.4451	1.4241	1.0309	0.56907	-0.033328	0.016184	-0.028856	0.0055676	0.029227	0.039036	0.010365	-0.029377	-0.01257	-0.77831	0.62181	-0.087157	0.4767	0.86334	0.16554	0.54207	-0.83671	-0.077992	75	3
1.3684	1.3263	1.1764	1.1966	-0.033328	0.016184	-0.028856	0.010365	-0.029377	-0.01257	0.0055676	0.029227	0.039036	-0.77831	0.62181	-0.087157	0.54207	-0.83671	-0.077992	0.4767	0.86334	0.16554	75	4
1.6779	1.7009	0.73913	0.68467	0.010365	-0.029377	-0.01257	0.0055676	0.029227	0.039036	-0.033328	0.016184	-0.028856	0.54207	-0.83671	-0.077992	0.4767	0.86334	0.16554	-0.77831	0.62181	-0.087157	75	5
1.3751	1.338	1.0715	1.2637	0.010365	-0.029377	-0.01257	-0.033328	0.016184	-0.028856	0.0055676	0.029227	0.039036	0.54207	-0.83671	-0.077992	-0.77831	0.62181	-0.087157	0.4767	0.86334	0.16554	75	6
1.1602	0.90648	0.24645	3.0041	-0.0071871	-0.036798	-0.069179	0.0024266	0.028152	0.034936	0.00073259	0.027514	0.039099	0.19042	-0.91114	-0.36547	0.38146	0.92204	0.065842	0.24909	0.92184	0.29692	76	2
1.0229	1.0639	0.80678	0.099277	0.00073259	0.027514	0.039099	0.0024266	0.028152	0.034936	-0.0071871	-0.036798	-0.069179	0.24909	0.92184	0.29692	0.38146	0.92204	0.065842	0.19042	-0.91114	-0.36547	76	4
1.5991	0.88987	1.385	1.3731	0.018834	-0.0027592	-0.033459	-0.034501	0.016438	0.044965	0.019927	-0.013535	-0.013122	0.96964	0.0079179	-0.2444	-0.85749	0.1233	0.49951	0.88687	-0.44765	-0.11433	77	4
0.93646	1.6253	0.41944	1.8807	-0.034501	0.016438	0.044965	0.019927	-0.013535	-0.013122	0.018834	-0.0027592	-0.033459	-0.85749	0.1233	0.49951	0.88687	-0.44765	-0.11433	0.96964	0.0079179	-0.2444	77	5
1.2265	1.7557	1.0298	1.1714	-0.034501	0.016438	0.044965	0.018834	-0.0027592	-0.033459	0.019927	-0.013535	-0.013122	-0.85749	0.1233	0.49951	0.96964	0.0079179	-0.2444	0.88687	-0.44765	-0.11433	77	6
0.93714	1.6793	0.90313	0.73885	0.0045343	-0.0307	-0.071438	0.0048656	0.029455	0.034458	-0.025515	0.018925	0.046381	0.62697	-0.68784	-0.36577	0.45418	0.89086	0.009751	-0.15028	0.1032	0.98324	78	2
1.308	1.4992	0.41238	0.38723	-0.025515	0.018925	0.046381	0.0048656	0.029455	0.034458	0.0045343	-0.0307	-0.071438	-0.15028	0.1032	0.98324	0.45418	0.89086	0.009751	0.62697	-0.68784	-0.36577	78	4
1.5593	0.41092	1.2771	1.1209	0.0048656	0.029455	0.034458	0.0045343	-0.0307	-0.071438	-0.025515	0.018925	0.046381	0.45418	0.89086	0.009751	0.62697	-0.68784	-0.36577	-0.15028	0.1032	0.98324	78	5
1.0099	0.8891	0.84666	0.32043	0.0048656	0.029455	0.034458	-0.025515	0.018925	0.046381	0.0045343	-0.0307	-0.071438	0.45418	0.89086	0.009751	-0.15028	0.1032	0.98324	0.62697	-0.68784	-0.36577	78	6
1.6958	1.8993	0.54009	0.57052	-0.0093183	-0.035685	-0.015289	0.019604	0.0082472	-0.025451	-0.010286	0.027437	0.04074	-0.11666	-0.99263	-0.032893	0.92324	0.30011	-0.23994	-0.15165	0.87752	0.45494	79	3
1.4221	1.1312	1.3134	1.2794	-0.0093183	-0.035685	-0.015289	-0.010286	0.027437	0.04074	0.019604	0.0082472	-0.025451	-0.11666	-0.99263	-0.032893	-0.15165	0.87752	0.45494	0.92324	0.30011	-0.23994	79	4
1.3556	1.6781	0.928	0.56024	-0.010286	0.027437	0.04074	0.019604	0.0082472	-0.025451	-0.0093183	-0.035685	-0.015289	-0.15165	0.87752	0.45494	0.92324	0.30011	-0.23994	-0.11666	-0.99263	-0.032893	79	5
1.1614	1.3781	1.384	1.2268	-0.010286	0.027437	0.04074	-0.0093183	-0.035685	-0.015289	0.019604	0.0082472	-0.025451	-0.15165	0.87752	0.45494	-0.11666	-0.99263	-0.032893	0.92324	0.30011	-0.23994	79	6
0.70699	2.388	2.1818	0.25157	0.0045343	-0.0307	-0.071438	-0.025515	0.018925	0.046381	0.0048656	0.029455	0.034458	0.62697	-0.68784	-0.36577	-0.15028	0.1032	0.98324	0.45417	0.89086	0.009751	80	2
1.0099	0.88913	0.84666	0.32046	0.0048656	0.029455	0.034458	-0.025515	0.018925	0.046381	0.0045343	-0.0307	-0.071438	0.45417	0.89086	0.009751	-0.15028	0.1032	0.98324	0.62697	-0.68784	-0.36577	80	4
1.4525	0.51986	1.2647	1.2821	-0.025515	0.018925	0.046381	0.0045343	-0.0307	-0.071438	0.0048656	0.029455	0.034458	-0.15028	0.1032	0.98324	0.62697	-0.68784	-0.36577	0.45417	0.89086	0.009751	80	5
1.308	1.4992	0.4124	0.38723	-0.025515	0.018925	0.046381	0.0048656	0.029455	0.034458	0.0045343	-0.0307	-0.071438	-0.15028	0.1032	0.98324	0.45417	0.89086	0.009751	0.62697	-0.68784	-0.36577	80	6
1.2265	1.7557	1.0298	1.1714	-0.034501	0.016438	0.044965	0.018834	-0.0027592	-0.033459	0.019927	-0.013535	-0.013122	-0.85749	0.1233	0.4995	0.96964	0.0079177	-0.2444	0.88687	-0.44764	-0.11433	82	4
1.2227	1.3732	0.99756	0.17294	0.018834	-0.0027592	-0.033459	0.019927	-0.013535	-0.013122	-0.034501	0.016438	0.044965	0.96964	0.0079177	-0.2444	0.88687	-0.44764	-0.11433	-0.85749	0.1233	0.4995	82	5
1.5991	0.88987	1.385	1.3731	0.018834	-0.0027592	-0.033459	-0.034501	0.016438	0.044965	0.019927	-0.013535	-0.013122	0.96964	0.0079177	-0.2444	-0.85749	0.1233	0.4995	0.88687	-0.44764	-0.11433	82	6
1.2265	1.7557	1.0298	1.1714	-0.034501	0.016438	0.044965	0.018834	-0.0027592	-0.033459	0.019927	-0.013535	-0.013122	-0.85749	0.1233	0.49951	0.96964	0.007918	-0.2444	0.88687	-0.44765	-0.11433	83	4
1.2227	1.3732	0.99756	0.17294	0.018834	-0.0027592	-0.033459	0.019927	-0.013535	-0.013122	-0.034501	0.016438	0.044965	0.96964	0.007918	-0.2444	0.88687	-0.44765	-0.11433	-0.85749	0.1233	0.49951	83	5
1.5991	0.88987	1.385	1.3731	0.018834	-0.0027592	-0.033459	-0.034501	0.016438	0.044965	0.019927	-0.013535	-0.013122	0.96964	0.007918	-0.2444	-0.85749	0.1233	0.49951	0.88687	-0.44765	-0.11433	83	6
1.0399	2.1586	1.5591	1.7367	-0.031552	0.015661	0.046033	0.021243	0.012674	-0.012758	0.010309	-0.028334	-0.033275	-0.37434	0.0098232	0.92724	0.89036	0.40448	-0.20893	0.53414	-0.83984	-0.096701	84	3
1.2172	1.7786	0.45495	0.71766	-0.031552	0.015661	0.046033	0.010309	-0.028334	-0.033275	0.021243	0.012674	-0.012758	-0.37434	0.0098232	0.92724	0.53414	-0.83984	-0.096701	0.89036	0.40448	-0.20893	84	4
1.2331	1.5137	0.52132	1.0092	0.010309	-0.028334	-0.033275	0.021243	0.012674	-0.012758	-0.031552	0.015661	0.046033	0.53414	-0.83984	-0.096701	0.89036	0.40448	-0.20893	-0.37434	0.0098232	0.92724	84	5
1.7401	1.1838	0.4904	0.70786	0.010309	-0.028334	-0.033275	-0.031552	0.015661	0.046033	0.021243	0.012674	-0.012758	0.53414	-0.83984	-0.096701	-0.37434	0.0098232	0.92724	0.89036	0.40448	-0.20893	84	6
1.2265	1.7557	1.0298	1.1714	-0.034501	0.016438	0.044965	0.018834	-0.0027592	-0.033459	0.019927	-0.013535	-0.013122	-0.85749	0.1233	0.49951	0.96964	0.007918	-0.2444	0.88687	-0.44765	-0.11433	86	4
1.2227	1.3732	0.99756	0.17294	0.018834	-0.0027592	-0.033459	0.019927	-0.013535	-0.013122	-0.034501	0.016438	0.044965	0.96964	0.007918	-0.2444	0.88687	-0.44765	-0.11433	-0.85749	0.1233	0.49951	86	5
1.5991	0.88987	1.385	1.3731	0.018834	-0.0027592	-0.033459	-0.034501	0.016438	0.044965	0.019927	-0.013535	-0.013122	0.96964	0.007918	-0.2444	-0.85749	0.1233	0.49951	0.88687	-0.44765	-0.11433	86	6
0.70699	2.388	2.1818	0.25159	0.0045343	-0.0307	-0.071438	-0.025515	0.018925	0.046381	0.0048656	0.029455	0.034458	0.62697	-0.68784	-0.36577	-0.15028	0.1032	0.98324	0.45417	0.89086	0.009751	88	2
1.0099	0.88913	0.84666	0.32046	0.0048656	0.029455	0.034458	-0.025515	0.018925	0.046381	0.0045343	-0.0307	-0.071438	0.45417	0.89086	0.009751	-0.15028	0.1032	0.98324	0.62697	-0.68784	-0.36577	88	4
1.4525	0.51986	1.2647	1.2821	-0.025515	0.018925	0.046381	0.0045343	-0.0307	-0.071438	0.0048656	0.029455	0.034458	-0.15028	0.1032	0.98324	0.62697	-0.68784	-0.36577	0.45417	0.89086	0.009751	88	5
1.308	1.4992	0.41239	0.38723	-0.025515	0.018925	0.046381	0.0048656	0.029455	0.034458	0.0045343	-0.0307	-0.071438	-0.15028	0.1032	0.98324	0.45417	0.89086	0.009751	0.62697	-0.68784	-0.36577	88	6
1.5991	0.88986	1.385	1.3731	0.018834	-0.0027592	-0.033459	-0.034501	0.016438	0.044965	0.019927	-0.013535	-0.013122	0.96964	0.0079188	-0.2444	-0.85749	0.1233	0.49951	0.88687	-0.44765	-0.11433	89	2
1.3681	1.2354	0.74482	0.20595	0.019927	-0.013535	-0.013122	0.018834	-0.0027592	-0.033459	-0.034501	0.016438	0.044965	0.88687	-0.44765	-0.11433	0.96964	0.0079188	-0.2444	-0.85749	0.1233	0.49951	89	3
1.2265	1.7557	1.0298	1.1714	-0.034501	0.016438	0.044965	0.018834	-0.0027592	-0.033459	0.019927	-0.013535	-0.013122	-0.85749	0.1233	0.49951	0.96964	0.0079188	-0.2444	0.88687	-0.44765	-0.11433	89	5
0.93648	1.6253	0.41945	1.8807	-0.034501	0.016438	0.044965	0.019927	-0.013535	-0.013122	0.018834	-0.0027592	-0.033459	-0.85749	0.1233	0.49951	0.88687	-0.44765	-0.11433	0.96964	0.0079188	-0.2444	89	6
1.2873	1.5777	1.4177	1.7876	0.023856	-0.0071203	-0.02418	-0.026695	0.021783	0.042398	-0.026695	0.021783	0.042398	0.96152	-0.1736	-0.21291	-0.42315	0.64745	0.63384	-0.42315	0.64745	0.63384	91	2
1.1124	1.1069	0.54646	0.092845	-0.026695	0.021783	0.042398	-0.026695	0.021783	0.042398	0.023856	-0.0071203	-0.02418	-0.42315	0.64745	0.63384	-0.42315	0.64745	0.63384	0.96152	-0.1736	-0.21291	91	4
0.93714	1.6793	0.90313	0.73886	0.0045343	-0.0307	-0.071438	0.0048656	0.029455	0.034458	-0.025515	0.018925	0.046381	0.62697	-0.68784	-0.36577	0.45417	0.89086	0.009751	-0.15028	0.1032	0.98324	94	2
1.308	1.4992	0.41239	0.38723	-0.025515	0.018925	0.046381	0.0048656	0.029455	0.034458	0.0045343	-0.0307	-0.071438	-0.15028	0.1032	0.98324	0.45417	0.89086	0.009751	0.62697	-0.68784	-0.36577	94	4
1.5593	0.41092	1.2771	1.1209	0.0048656	0.029455	0.034458	0.0045343	-0.0307	-0.071438	-0.025515	0.018925	0.046381	0.45417	0.89086	0.009751	0.62697	-0.68784	-0.36577	-0.15028	0.1032	0.98324	94	5
1.0099	0.88912	0.84666	0.32045	0.0048656	0.029455	0.034458	-0.025515	0.018925	0.046381	0.0045343	-0.0307	-0.071438	0.45417	0.89086	0.009751	-0.15028	0.1032	0.98324	0.62697	-0.68784	-0.36577	94	6
1.2248	2.378	1.4236	1.8374	-0.033709	0.014948	-0.034411	0.022273	-0.013688	-0.014009	0.002281	0.028074	0.042044	-0.77499	0.62702	-0.078971	0.88544	-0.459	-0.07291	0.27329	0.84932	0.45163	95	3
1.2264	1.2651	1.2699	0.51017	-0.033709	0.014948	-0.034411	0.002281	0.028074	0.042044	0.022273	-0.013688	-0.014009	-0.77499	0.62702	-0.078971	0.27329	0.84932	0.45163	0.88544	-0.459	-0.07291	95	4
0.98313	1.2275	1.5566	0.92355	0.002281	0.028074	0.042044	0.022273	-0.013688	-0.014009	-0.033709	0.014948	-0.034411	0.27329	0.84932	0.45163	0.88544	-0.459	-0.07291	-0.77499	0.62702	-0.078971	95	5
1.833	1.3209	0.69402	0.20852	-0.0268	0.021834	0.042318	-0.033353	0.016431	0.044714	0.0045849	0.031207	0.03229	-0.43046	0.65829	0.61754	-0.77397	0.11698	0.62233	0.4179	0.90833	-0.017263	96	2
1.3317	2.181	0.64719	0.37838	0.0045849	0.031207	0.03229	-0.0268	0.021834	0.042318	-0.033353	0.016431	0.044714	0.4179	0.90833	-0.017263	-0.43046	0.65829	0.61754	-0.77397	0.11698	0.62233	96	3
1.4189	1.9885	1.5257	2.0818	0.0045849	0.031207	0.03229	-0.033353	0.016431	0.044714	-0.0268	0.021834	0.042318	0.4179	0.90833	-0.017263	-0.77397	0.11698	0.62233	-0.43046	0.65829	0.61754	96	4
1.3672	1.8943	0.64099	0.21673	-0.033353	0.016431	0.044714	-0.0268	0.021834	0.042318	0.0045849	0.031207	0.03229	-0.77397	0.11698	0.62233	-0.43046	0.65829	0.61754	0.4179	0.90833	-0.017263	96	5
2.0247	1.723	0.74055	0.56878	-0.033353	0.016431	0.044714	0.0045849	0.031207	0.03229	-0.0268	0.021834	0.042318	-0.77397	0.11698	0.62233	0.4179	0.90833	-0.017263	-0.43046	0.65829	0.61754	96	6
0.93714	1.6793	0.90313	0.73886	0.0045343	-0.0307	-0.071438	0.0048656	0.029455	0.034458	-0.025515	0.018925	0.046381	0.62697	-0.68784	-0.36577	0.45417	0.89086	0.009751	-0.15028	0.1032	0.98324	97	2
1.308	1.4992	0.4124	0.38723	-0.025515	0.018925	0.046381	0.0048656	0.029455	0.034458	0.0045343	-0.0307	-0.071438	-0.15028	0.1032	0.98324	0.45417	0.89086	0.009751	0.62697	-0.68784	-0.36577	97	4
1.5593	0.41092	1.2771	1.1209	0.0048656	0.029455	0.034458	0.0045343	-0.0307	-0.071438	-0.025515	0.018925	0.046381	0.45417	0.89086	0.009751	0.62697	-0.68784	-0.36577	-0.15028	0.1032	0.98324	97	5
1.0099	0.88913	0.84666	0.32046	0.0048656	0.029455	0.034458	-0.025515	0.018925	0.046381	0.0045343	-0.0307	-0.071438	0.45417	0.89086	0.009751	-0.15028	0.1032	0.98324	0.62697	-0.68784	-0.36577	97	6
1.023	1.064	0.80677	0.099323	0.00073155	0.027514	0.039101	0.0024265	0.028152	0.034935	-0.0071863	-0.036798	-0.069179	0.24896	0.92181	0.29714	0.38145	0.92204	0.065831	0.19044	-0.91113	-0.36547	99	3
1.5766	0.90853	1.5497	0.03689	0.00073155	0.027514	0.039101	-0.0071863	-0.036798	-0.069179	0.0024265	0.028152	0.034935	0.24896	0.92181	0.29714	0.19044	-0.91113	-0.36547	0.38145	0.92204	0.065831	99	4
1.1602	0.90649	0.24637	3.0041	-0.0071863	-0.036798	-0.069179	0.0024265	0.028152	0.034935	0.00073155	0.027514	0.039101	0.19044	-0.91113	-0.36547	0.38145	0.92204	0.065831	0.24896	0.92181	0.29714	99	5
1.195	2.337	2.0089	3.4417	-0.0071863	-0.036798	-0.069179	0.00073155	0.027514	0.039101	0.0024265	0.028152	0.034935	0.19044	-0.91113	-0.36547	0.24896	0.92181	0.29714	0.38145	0.92204	0.065831	99	6
0.70697	2.3879	2.1816	0.25173	0.0045343	-0.0307	-0.071438	-0.025515	0.018925	0.046381	0.0048656	0.029455	0.034458	0.62697	-0.68783	-0.36578	-0.15028	0.1032	0.98324	0.45418	0.89086	0.0097511	100	2
1.0099	0.88908	0.84667	0.3204	0.0048656	0.029455	0.034458	-0.025515	0.018925	0.046381	0.0045343	-0.0307	-0.071438	0.45418	0.89086	0.0097511	-0.15028	0.1032	0.98324	0.62697	-0.68783	-0.36578	100	4
1.4525	0.51986	1.2647	1.2821	-0.025515	0.018925	0.046381	0.0045343	-0.0307	-0.071438	0.0048656	0.029455	0.034458	-0.15028	0.1032	0.98324	0.62697	-0.68783	-0.36578	0.45418	0.89086	0.0097511	100	5
1.308	1.4993	0.41236	0.38724	-0.025515	0.018925	0.046381	0.0048656	0.029455	0.034458	0.0045343	-0.0307	-0.071438	-0.15028	0.1032	0.98324	0.45418	0.89086	0.0097511	0.62697	-0.68783	-0.36578	100	6
